Gene	PVal	FDR	Log2FC
MTRNR2L12	4.69189248850168e-57	5.7302082962071e-53	1.8713338782541
MT-CO2	2.20562338630722e-21	1.3468639208485e-17	0.746125587506695
MT-CO1	2.62902660930775e-17	4.58690028278221e-14	0.718739081889335
RPL18	1.7596165944109e-16	2.68627468344254e-13	-0.820478553569687
RPL3	5.52450035994346e-16	7.49674698844327e-13	-0.873565708243006
CLPB	7.51739493301505e-16	8.3463585742648e-13	-0.265931103340333
S100B	3.62974255258314e-15	3.41000352266907e-12	-0.852268811021832
CALM1	1.07024950384886e-13	7.68879834735656e-11	-0.725040227736404
HPS6	1.19196602035543e-13	8.08748944811162e-11	-0.163004395925483
CHID1	2.01067732325235e-13	1.22782010744405e-10	-0.785698997476592
EID1	3.31673337918912e-13	1.8412393072744e-10	-0.713877237107221
BEX3	1.07874354652568e-12	5.06719035912235e-10	-0.807218029428153
METRN	1.37854374689479e-12	5.61205159360869e-10	-0.727032260050097
RPS24	3.57346016175534e-12	1.36383340485994e-09	-0.72590480997061
H2AZ1	7.39383553381739e-12	2.6559092168974e-09	-1.08143018736451
VDAC2	9.34573469671227e-12	3.26112736716991e-09	-0.873501627985043
FGF2	1.4042991361789e-11	4.51334351319813e-09	-0.157871463229354
FABP7	1.40140821312707e-11	4.51334351319813e-09	-0.858858528524721
PPIA	1.79438274361471e-11	5.61917857635038e-09	-0.725838143490578
GRPEL1	3.06935231713977e-11	8.74024319408261e-09	-0.352113862212218
PTMA	4.68996948732917e-11	1.14557194697502e-08	-0.727539895680686
EXOC2	4.98268588015955e-11	1.17203598807662e-08	-0.424668758344709
EIF1	4.99024575288499e-11	1.17203598807662e-08	-0.601910039621789
PORCN	5.284799315245e-11	1.21779724598278e-08	-0.180889454985185
H3-3A	5.43601830445267e-11	1.22944613985705e-08	-0.619040937680856
GNAS	8.44575240479478e-11	1.71913290199598e-08	-0.620166924741463
OAZ1	8.3611925718044e-11	1.71913290199598e-08	-0.894800409817829
SNN	1.76741411051454e-10	3.17432772525207e-08	-0.283287456292994
CYB5B	2.22876671454934e-10	3.83379265982973e-08	-0.210866867119703
RNF175	2.29985000004121e-10	3.90112056256991e-08	-0.337552067359335
ANAPC11	2.41973506921614e-10	3.99354383788334e-08	-1.00078207780019
MT-ND3	3.19901397273476e-10	5.20927435320128e-08	0.678672424131971
RNF34	3.3145363669618e-10	5.32637271706637e-08	-0.328320816095764
MIR9-1HG	3.97053854470931e-10	6.29768665539413e-08	-0.649791819547247
RPL15	5.60007093513676e-10	8.29654699347737e-08	-0.660501371803787
SRP14	5.63836404207502e-10	8.29654699347737e-08	-0.57142717249127
RSL1D1	5.86008934901797e-10	8.52015133566149e-08	-0.828339810102999
VAPA	6.57285918451011e-10	9.33422432795605e-08	-0.835049674298441
RPS14	7.94198075798512e-10	1.06588363733266e-07	-0.835105050192776
RPL41	7.92376000522669e-10	1.06588363733266e-07	-0.770822857525224
TUSC2	1.10771226566984e-09	1.39899983184439e-07	-0.435989673404429
RPS7	1.15193903974682e-09	1.43557464208448e-07	-0.554578752136323
RPS23	1.26906835538406e-09	1.53083414623716e-07	-0.599248072683777
MT-ND4	1.278515376371e-09	1.53083414623716e-07	0.560236833350469
XIAP	1.57891959589991e-09	1.78549490969681e-07	-0.356972636070901
STX2	1.5669014747385e-09	1.78549490969681e-07	-0.263179206493339
UBE2H	1.85159886228276e-09	2.07464008303297e-07	-0.654098860660186
SPATA2L	2.12070045524666e-09	2.31251023749353e-07	-0.174022731581643
TMSB4X	2.33524685105967e-09	2.52392653026476e-07	-0.506437276332153
SUMO2	2.48031866939565e-09	2.63409842689818e-07	-0.928127273829019
TMEM59	3.30135821794473e-09	3.2515716061096e-07	-0.539538761931262
MEF2C	3.98111303342392e-09	3.76909561838809e-07	-0.164512438145925
H3-3B	4.30022087269723e-09	4.00905324566804e-07	-0.571315261706989
SNHG29	4.44085228439366e-09	4.10879764767423e-07	-0.968421664068122
NDFIP2	5.11465809680188e-09	4.6966405515971e-07	-0.211310301195861
RPL11	6.32700581094765e-09	5.6402716765769e-07	-0.658626342833197
PSMD10	6.66635194390184e-09	5.89972147035313e-07	-0.626280199204353
TMEM251	6.86581384738727e-09	5.94696344100289e-07	-0.190510211712287
RPL19	6.97163746487394e-09	5.99609918017644e-07	-0.733695770606185
QKI	7.67661477897707e-09	6.51072890941993e-07	-0.511593283599846
RPL6	9.66603562801463e-09	8.02354665385694e-07	-0.617239854614724
YBX1	1.01934431589139e-08	8.19029745393522e-07	-0.656071477127149
L3HYPDH	1.11311715382525e-08	8.71442294850501e-07	-0.208399652777958
RIOK2	1.20969506020563e-08	9.29182752848511e-07	-0.321702230686175
MPC2	1.43856953033138e-08	1.07786807815566e-06	-0.983715682027119
CHMP2A	1.70140416039967e-08	1.22954136159533e-06	-1.09877383882843
CHCHD2	1.82797304832644e-08	1.31323734348299e-06	-0.908707815958066
MT-ATP6	2.12656944797513e-08	1.50998794582094e-06	0.528058821797023
MARCKSL1	2.18862772573555e-08	1.54506996615077e-06	-0.589922455534704
GPT2	2.21820888449417e-08	1.55695316703031e-06	-0.253967212795676
EIF2A	2.35051479902779e-08	1.62185521132917e-06	-0.153255046166677
TRIM52	2.41625099568643e-08	1.6578468208044e-06	-0.16555261212428
PRMT6	2.53842814914986e-08	1.72232349919818e-06	-0.200561004943277
LBR	2.53048114181504e-08	1.72232349919818e-06	-0.213109330168308
ADIPOR1	2.64783878719019e-08	1.78663287889248e-06	-0.194027680172926
DNAJC15	2.70173997830394e-08	1.81298628324319e-06	-0.315228659615599
ALDH2	2.74768474029368e-08	1.82048098339784e-06	-0.544030611920986
NUFIP2	2.83777465445513e-08	1.8533551794043e-06	-0.392120508384975
ENDOG	2.91225287746982e-08	1.89188002087973e-06	-0.480727388273944
PANK2-AS1	3.08447435230871e-08	1.98266764551296e-06	-0.163712386795914
YWHAG	3.1150761989552e-08	1.99185474438952e-06	-0.409515815323211
RPS3	3.43997052042624e-08	2.16558556525597e-06	-0.5452313364434
PPIB	3.59864875232473e-08	2.23097955391583e-06	-0.549813439130437
PGRMC1	4.67708197497338e-08	2.78640010538292e-06	-0.493224517267305
SKP1	5.40175753842125e-08	3.1717146546509e-06	-0.64785470569044
RPS4X	5.38834568186063e-08	3.1717146546509e-06	-0.625446535443379
PSMD11	5.47369864052844e-08	3.18172767577629e-06	-0.252631366620392
DBI	5.9904220999068e-08	3.41873949094214e-06	-0.650496513268112
RPL10	6.44005556641363e-08	3.60790819415641e-06	-0.620700184801171
RPS27A	6.65909306467955e-08	3.69670470904234e-06	-0.559764946644248
AC006480.2	6.74634779565225e-08	3.72819663476475e-06	0.510792203047352
EMC7	7.79301723528896e-08	4.24893390600822e-06	-0.550480214282185
CLTA	7.84290632553501e-08	4.2571295535004e-06	-0.699005360616881
SLC2A4RG	8.70737801484515e-08	4.66417577610982e-06	-0.172151996850125
RAN	9.02406592264263e-08	4.81270380407137e-06	-0.987802474886348
VKORC1L1	9.076915612741e-08	4.81984219036547e-06	-0.221511385984219
TMCC1	1.03451531129837e-07	5.33102763581732e-06	-0.312745838954323
RSL24D1	1.22931677748853e-07	6.1784550631553e-06	-0.901918936743803
YIPF6	1.36605920098972e-07	6.83256992994264e-06	-0.293871865317274
DPY19L4	1.39895381503486e-07	6.91717528057521e-06	0.181926361866541
SPCS1	1.46311058498535e-07	7.11911138423349e-06	-0.55123204619049
ATP5PF	1.46232834878222e-07	7.11911138423349e-06	-0.757028138882925
VBP1	1.50797992994682e-07	7.24751423335957e-06	-0.919519557745084
BEX4	1.55500522759471e-07	7.34011124977685e-06	-0.68407957254376
MT-CO3	1.55026082766792e-07	7.34011124977685e-06	0.517730818762788
TBCB	1.57841174262611e-07	7.41428562026641e-06	-0.992667322614906
RPS18	1.69893531531047e-07	7.8302486341795e-06	-0.635973214245549
ZDHHC5	1.69902226157174e-07	7.8302486341795e-06	-0.163934405070625
GTPBP6	1.70797694593028e-07	7.84192572956634e-06	-0.225804242409991
TMEM60	1.77882325584534e-07	8.13661738713078e-06	-0.387827442849662
HMGB1	1.81608747368369e-07	8.24530718070592e-06	-0.545181252383026
CHST8	1.87368033191177e-07	8.47528070134757e-06	-0.166486033897653
TFG	1.90857696981581e-07	8.53826026826389e-06	-0.251576068763227
SELENOT	1.90756673211788e-07	8.53826026826389e-06	-0.465158407988562
PSMA7	1.91737405580387e-07	8.54630997939149e-06	-0.833285156769988
UFD1	1.93404364627916e-07	8.58926365527541e-06	-0.373885890187339
UBB	2.08383070723111e-07	9.18766224816373e-06	-0.988449410899147
PGM1	2.21330196959984e-07	9.688550879829e-06	-0.477575698956996
TTC19	2.37563008156202e-07	1.02521449420908e-05	-0.27370205952824
PEBP1	2.40543484509863e-07	1.03442168180245e-05	-0.506228010723398
ZNF22	2.70511907900234e-07	1.15516151440054e-05	-0.788721036694608
SOD1	2.83093456156163e-07	1.2046760906046e-05	-0.886006465761574
CPNE3	2.85623273763866e-07	1.21122119530489e-05	-0.575638926853893
VIM	2.91928339651211e-07	1.23367502150873e-05	-0.790179161098637
METTL9	3.02996360935258e-07	1.27216970838928e-05	-0.772260836927271
NDUFB10	3.12159413205524e-07	1.30561743612297e-05	-0.848472741320647
RPS19	3.16549074439171e-07	1.31945865055481e-05	-0.52517271217951
UXT	3.26393295602796e-07	1.34670314837735e-05	-0.57577061477068
EIF3K	3.70279583724802e-07	1.50740818534367e-05	-0.812362808193171
MARCHF9	3.8015351225544e-07	1.54246340371286e-05	-0.172985467196325
NDUFA4	3.94317639652004e-07	1.58414517535195e-05	-0.485007097271674
FTH1	3.98300747728194e-07	1.59490066623096e-05	-0.475016959241196
TUBA1A	4.11758921194443e-07	1.63273107290511e-05	-0.586354338363106
ATP2A2	4.22952892797085e-07	1.67169051123974e-05	-0.244223712650796
ACTG1	4.56548396465418e-07	1.79286995692352e-05	-0.50405959158563
RBM15B	4.71660891044702e-07	1.84628027638748e-05	-0.197492946152445
ARPC1A	4.7719153053316e-07	1.86196171322731e-05	-0.343465108446172
CDC42BPB	4.80544303047226e-07	1.86907247551457e-05	-0.202677898613489
ATXN7L3B	5.21537511676534e-07	2.0093178643866e-05	-0.631619997059808
SNX1	5.33865440236705e-07	2.03375194456957e-05	-0.415091106098549
P4HB	5.34540550402712e-07	2.03375194456957e-05	-0.289574950349865
INSR	5.3356074094433e-07	2.03375194456957e-05	0.23382003151142
ZC3H7A	5.39410963134214e-07	2.04590872445906e-05	0.251001773280256
UBE2E2	5.75754062062956e-07	2.16015126487089e-05	-0.245270610940321
RCE1	5.95053680228276e-07	2.22244360753148e-05	-0.202698447482633
COX7B	6.52871170980554e-07	2.38475570642962e-05	-0.881867002507239
EEF1D	6.50845256636863e-07	2.38475570642962e-05	-0.399356458966867
RAPGEF1	6.54133432943521e-07	2.38475570642962e-05	-0.245788646336201
TMEM186	6.51667389950706e-07	2.38475570642962e-05	-0.153838054089626
ZNF800	6.66064049367159e-07	2.41016261249785e-05	-0.295929500192727
SERPINE2	7.09379306199166e-07	2.53323083819018e-05	-0.485770017625606
CIRBP	7.18006510198203e-07	2.55656370526258e-05	-0.556793755779974
AKR7A2	7.64531664928123e-07	2.69763968120737e-05	-0.466119054542751
MRPS28	8.22859721385111e-07	2.87953747199896e-05	-0.398093994422281
SESN3	8.32840502875918e-07	2.89785785231441e-05	-0.458603437514408
PHF23	8.56081019599676e-07	2.97026065124172e-05	-0.474996363060524
MT-ATP8	8.63926866047354e-07	2.98899116573267e-05	0.957650321242171
ELOC	8.78698840532595e-07	3.01764385844865e-05	-0.764276756576404
EGFR	9.14191864147201e-07	3.09280477474509e-05	-0.179720695557132
EIF5	9.66710789320407e-07	3.25246249861436e-05	-0.699024956714728
MRFAP1	9.95218604284382e-07	3.33917714673768e-05	-0.655724747584819
ESD	1.08385371349978e-06	3.6068407092569e-05	-0.528108424975718
PFN2	1.10290252025095e-06	3.66025773908283e-05	-0.800600096757226
HIKESHI	1.1173357249132e-06	3.68933413961849e-05	-0.706668082662832
RALA	1.14044651369082e-06	3.73901593324117e-05	-0.675248351436679
CCND3	1.25014253234419e-06	4.06063583710628e-05	-0.154360067353204
RFK	1.24806501649638e-06	4.06063583710628e-05	-0.444807839820135
NACA	1.26543316774117e-06	4.09939927788407e-05	-0.457484393131891
ING3	1.27725999609792e-06	4.11424697582416e-05	-0.154069720126756
RPL39	1.29995159290017e-06	4.15610178117532e-05	-0.687992442122919
GNA11	1.32094982233733e-06	4.20123963026194e-05	0.192145627904303
TBC1D14	1.36852724001071e-06	4.34125277461061e-05	-0.26386793383284
RPL4	1.41573745327283e-06	4.4448332948126e-05	-0.850193586948655
RPL5	1.42547943046204e-06	4.4525269269138e-05	-0.56025843221204
SLC25A27	1.50966849138956e-06	4.67958915871592e-05	0.186640998085333
ARMC10	1.53718615740751e-06	4.752823934283e-05	0.156954492999779
CZIB	1.55579168846777e-06	4.79820300284265e-05	-0.353075959233594
CREB3	1.58128449124558e-06	4.8445860751187e-05	-0.28763274744263
COMMD6	1.58273138784276e-06	4.8445860751187e-05	-0.941078957416842
RPL32	1.62677116077534e-06	4.95455266497487e-05	-0.552015091799726
PRDX1	1.6756529893466e-06	5.0907338206194e-05	-0.52054968332741
PDXDC2P-NPIPB14P	1.71035871295641e-06	5.17044825775659e-05	0.273560438605727
CEBPZOS	1.85016643802605e-06	5.55389595430925e-05	-0.284301576354839
THUMPD3	1.86992831109835e-06	5.57844803218146e-05	-0.356018058608736
HSP90AB1	1.8962538850532e-06	5.63478070514714e-05	-0.462395156948871
PSMG1	2.012336620555e-06	5.95076686364123e-05	-0.360787424333086
SRSF3	2.06959237244134e-06	6.07594510688128e-05	-0.616664342152688
RACK1	2.17861902190721e-06	6.33511288441732e-05	-0.55403671832585
PPAT	2.3154227389333e-06	6.7010089835527e-05	-0.181010057328478
RAB5IF	2.33996852507229e-06	6.75603678409169e-05	-0.373433780030627
GLIPR2	2.50371613934762e-06	7.14436570323655e-05	-0.191317581400553
SEC11A	2.51070158002034e-06	7.14759869389008e-05	-0.560100622205172
TSC22D1	2.58482433100232e-06	7.30751378577114e-05	-0.512657438458253
GLRX5	2.60140977055317e-06	7.32051095109813e-05	-0.876980200457692
TBCC	2.62710148854288e-06	7.37581390335039e-05	-0.235213925447911
TMEM43	2.6751116275553e-06	7.47623302227296e-05	-0.166228043320031
TXNL1	2.69784523994954e-06	7.52255340536615e-05	-0.699631331921946
FAU	2.73303953990481e-06	7.58557189500361e-05	-0.477026740114109
HINT1	2.74701374506976e-06	7.59033458564185e-05	-0.573601321746743
ARL13B	2.79320598634912e-06	7.70054733888981e-05	-0.269612313331877
RPS13	2.88209778145658e-06	7.82201337887316e-05	-0.450043260401139
C4orf3	2.99902349304292e-06	8.10333493817105e-05	-0.652320844152926
AC008771.1	3.01653567552781e-06	8.13266008945278e-05	0.167064785926151
HACD3	3.02372962587602e-06	8.13409910150304e-05	-0.443647179867537
UFC1	3.05911265386407e-06	8.21119622893228e-05	-0.777356839788014
CHRM3	3.11050727343559e-06	8.31260948150303e-05	0.17078019673453
PARL	3.11870015693019e-06	8.31630677218086e-05	-0.450696441811178
GAPDH	3.17319069768685e-06	8.44317603286483e-05	-0.542536644585641
COX7C	3.18440110355291e-06	8.45458492993297e-05	-0.596777679201567
ERCC6L2	3.1995776235735e-06	8.47645152206143e-05	0.221451648913983
SRP9	3.35300784068326e-06	8.84455394346969e-05	-0.74335432777373
NTM	3.39444973576039e-06	8.91320693481484e-05	0.52673535090032
DNAJC9	3.39692726074481e-06	8.91320693481484e-05	-0.252606102029339
GABARAPL2	3.40092887220479e-06	8.91320693481484e-05	-0.633092461084308
NDUFAB1	3.44183202285268e-06	8.98185779809826e-05	-0.751472724072388
RPS28	3.45231278108682e-06	8.98999914614357e-05	-0.56622508232198
KRT10	3.6476428497844e-06	9.45831467609699e-05	-0.703709253032011
TRMT11	3.74517564198978e-06	9.69064197364855e-05	-0.304117315282644
ACTB	3.8326752729727e-06	9.89608099552125e-05	-0.310180165854563
RGPD5	3.87403767668104e-06	9.98177682390413e-05	0.262580727465026
MTPN	4.11637212574843e-06	0.000105616077251608	-0.875116099217901
VAMP2	4.18995544890433e-06	0.000107278670644588	-0.710818320283279
TMEM205	4.24927372194733e-06	0.000108117458262797	-0.195896569896319
SLC25A5	4.44179785338754e-06	0.000112547048098386	-0.702068195805595
PGD	4.45689333557519e-06	0.000112695731485258	-0.188558009685624
LINC00641	4.76566644595331e-06	0.000118298951838268	-0.156142319871119
TUBB2B	4.92865859169694e-06	0.000122096769534269	-0.61419361122014
NDUFS6	4.98400788903341e-06	0.000123217992608836	-0.80724214411471
RIT2	5.0172544290037e-06	0.000123789350184691	-0.428288849026048
UBA6	5.1093651855065e-06	0.000125807816553611	0.275473973913293
MSRB2	5.20824617676945e-06	0.000127984528283471	-0.563052040320809
CHCHD3	5.24367612744331e-06	0.000128596418763986	-0.599448635171003
COMMD5	5.59856042247291e-06	0.000136477481915492	-0.198499111920838
PPP2CA	5.63063902120519e-06	0.00013682501535294	-0.246745941840377
MED23	5.66195724453197e-06	0.000137201356800534	0.169527382061144
DIPK1B	5.74805146217646e-06	0.000138190851392837	-0.276112974065438
COA1	5.81431877621436e-06	0.000139509381559737	-0.243000030586726
SEC11C	5.84940553461735e-06	0.00014007605842016	-0.474557883560297
PHB	5.97017523911151e-06	0.000142409668350134	-0.612887387778014
PACC1	6.32172205489436e-06	0.000149916876614417	-0.41742112105311
TERF2IP	6.36968937580291e-06	0.000150761659586591	-0.808032616209871
RPL13	6.54037468651444e-06	0.000154502120012381	-0.427420281144526
ZDHHC2	6.57229832276927e-06	0.000154657956485513	-0.301743857630982
ZNF385D	6.65530644545796e-06	0.000156310110804573	0.174863721433813
TUBB	6.79745538518895e-06	0.000159080045066217	-0.791216458482469
FAM216A	6.80717022366374e-06	0.000159080045066217	-0.29956779788553
EMP2	6.81231995166065e-06	0.000159080045066217	-0.552774593554083
CXXC5	7.24943983913109e-06	0.000167367502372983	-0.583575901429979
BORCS7	7.36784170168138e-06	0.000169780095665348	-0.553634396934458
CNBP	7.78610318266195e-06	0.000177741454523085	-0.867944194025901
TMEM145	8.23873779425909e-06	0.00018702547338529	0.299173928354826
PSMA3-AS1	8.44004296928849e-06	0.000190880572169712	0.501440384080932
ACSL3	8.92028794684794e-06	0.00020004248671584	-0.257053906482738
TMEM222	9.07863336108545e-06	0.000203072068203181	-0.262283439342701
IGFBP2	9.80047229352382e-06	0.000216443341990608	-0.838796315825793
TPT1	1.01016625060859e-05	0.00022189137443674	-0.463201987720863
SEPTIN7	1.05046861761672e-05	0.000227068552689433	-0.450709920923265
CDC40	1.09594074774338e-05	0.000236062157886947	-0.44353267745216
MED10	1.09849069427029e-05	0.000236194838893011	-0.351307822972608
SNX3	1.10785595213022e-05	0.000237789890041588	-0.709456939083125
TXNDC9	1.131000194344e-05	0.000242323829263898	-0.272201280160553
LRRC59	1.13691602528628e-05	0.000242323829263898	-0.303570649011419
HSPB11	1.16517081954748e-05	0.000246624457870597	-0.172132975830505
PSMD4	1.17062702335431e-05	0.000247350654605989	-0.532003668034694
TMX3	1.22056757698e-05	0.000256571287739358	0.151978973015842
IBTK	1.32441497299603e-05	0.000276025257085332	-0.320940428875882
DYNLL1	1.37769261915399e-05	0.000286152380233463	-0.531089849777606
TSPO	1.37664811791698e-05	0.000286152380233463	-0.311827804527983
TIPRL	1.39036672704803e-05	0.000288294547324917	-0.563449649026457
SRSF9	1.40558868139188e-05	0.000290956857048118	-0.818193123828256
MBNL2	1.43580678151614e-05	0.000296207909166497	0.176805706868257
RPS15	1.47652177695484e-05	0.000304093768329669	-0.519866297147446
SLC44A1	1.48455169544595e-05	0.000304719829520695	-0.190593896796797
PPP1R14B	1.48241414049186e-05	0.000304719829520695	-0.768039248784435
AC097382.3	1.57394609323852e-05	0.000317395020149253	-0.152374566824866
CFL1	1.57117962862563e-05	0.000317395020149253	-0.4741315780909
RPL7	1.60060545905117e-05	0.000322046037419966	-0.699587146783271
ENOPH1	1.60831819649617e-05	0.000323065627200785	-0.588076903142712
MRPS11	1.62443965763968e-05	0.000325768169766065	-0.277576454410848
TUBB4B	1.63710776577336e-05	0.000326715950339231	-0.781323268885642
MRPL16	1.64493084728865e-05	0.000327724966361115	-0.439739643214653
ABCA3	1.66067220178744e-05	0.000330322306195927	-0.380265877712843
EIF3B	1.70278635400865e-05	0.000338148451081425	-0.205298853443918
FTL	1.72004710971943e-05	0.000341021677776028	-0.484645827600769
ACP2	1.7513682121067e-05	0.000344706470106524	-0.176768966815829
SAC3D1	1.75676328184709e-05	0.000344706470106524	-0.365720921634184
OGFR	1.76313990165068e-05	0.000345083775943264	-0.229662979943314
ATP5MC2	1.76911122671763e-05	0.000345698486590439	-0.724877511833816
SSR2	1.81347847318397e-05	0.000353802118098976	-0.497353280914134
STMN1	1.87378457702305e-05	0.000364403360496536	-0.54816818163799
ZNF808	1.91941447592795e-05	0.000372092206262032	-0.236404999403792
RPS3A	1.97260564679946e-05	0.00038179766663014	-0.412422316868866
ARPC3	1.99321267282807e-05	0.000385175733753943	-0.701948148021161
SLC27A5	2.03452170229009e-05	0.000391301000788487	-0.290958315126439
F3	2.06208818492495e-05	0.000395979292491957	-0.191985016211435
GSTP1	2.08649056426328e-05	0.000400036252140462	-0.755118717278957
EIF3F	2.10165579567784e-05	0.00040042936400333	-0.492957866798752
C11orf96	2.1751151549296e-05	0.00041313656900708	-0.673986103731778
TAFA5	2.1819543457277e-05	0.000413792056279075	-0.301349927594522
GLG1	2.20593071500662e-05	0.000417690415850788	0.369438188417043
PLEKHA3	2.21703058683884e-05	0.000419142330604687	-0.191386452647376
JAGN1	2.23848442696498e-05	0.000421892134359928	-0.359483030968271
AP2S1	2.32670625413088e-05	0.000435829194504609	-0.833057158323412
ANO6	2.33259390903747e-05	0.000436262931256886	0.163124425418554
ATP5MC1	2.42687358436124e-05	0.000453201943208009	-0.795273860987839
UBL3	2.43503150444133e-05	0.000454031141431176	-0.583992530810208
C19orf53	2.48654537675528e-05	0.000461522472436357	-0.812111069858114
CMTM5	2.56453946110869e-05	0.000473122665234447	-0.535866446260784
NEU4	2.61971910203621e-05	0.000481122246513808	-0.858300273629141
CMTM6	2.61739759916333e-05	0.000481122246513808	-0.172371468380218
NRBF2	2.64031602166059e-05	0.000483541041433204	-0.365959384827693
PLCG2	2.69359172086656e-05	0.000489536245341419	-0.741465013809421
TXNDC17	2.9274405899361e-05	0.00052500487408061	-0.255789245277107
NDUFC1	3.08572496034802e-05	0.000549358002051463	-0.868446011268267
CBX5	3.10702855306003e-05	0.000552345556310367	-0.564780690521154
PNMA1	3.16471745424814e-05	0.000561783346929251	-0.579787001773889
DYNLRB1	3.19015261425147e-05	0.00056547654394562	-0.865177686090771
IGLON5	3.21639298977729e-05	0.000569301559190581	-0.151264619777284
RCN2	3.25786473241383e-05	0.00057414577167345	-0.416540163069689
MYL6	3.26815868669213e-05	0.000575130000584595	-0.496094262682884
RPAIN	3.3498483426229e-05	0.000587811750121458	-0.50474469589795
COPZ1	3.46293861623693e-05	0.000605048202004315	-0.455488754401089
TSC1	3.472671137323e-05	0.000605121079249224	0.212179823047669
GBF1	3.48109653489953e-05	0.000605621538187008	0.292143372371323
PAXX	3.5074632495738e-05	0.000608475123111432	-0.236766062677607
MLLT11	3.78163009972708e-05	0.00064815181025597	-0.571623734234217
CLTC	3.79759157937683e-05	0.000648619505922314	-0.437813771280432
C1QBP	3.83284345491766e-05	0.000651957062881746	-0.568366844150658
RRP36	3.85629239643339e-05	0.000653750977898401	-0.289977791509202
SRI	3.85372264587266e-05	0.000653750977898401	-0.544696269091417
MRPL41	3.85944857991277e-05	0.000653750977898401	-0.681957045260986
PARK7	3.87575662446576e-05	0.000655604094939062	-0.534497408463819
CNIH4	3.9999056201916e-05	0.000672876685115703	-0.262979988975065
MRPL9	4.02033913227013e-05	0.00067538379398095	-0.293124270032254
RPL30	4.10681706160462e-05	0.000687772187174609	-0.449122542541085
ETNK1	4.11097761923741e-05	0.000687772187174609	0.433389048002756
C12orf65	4.12462154638125e-05	0.000689110847413875	-0.367612929537941
CTSK	4.14326399907472e-05	0.00069033674243792	-0.178128965670708
PGLS	4.15891527337495e-05	0.000692000439151611	-0.588166880554116
ARHGEF11	4.18363276150737e-05	0.000695166080493734	0.223031343327403
C1GALT1C1	4.25375702725699e-05	0.00070289106987896	-0.154715999278831
RPL7L1	4.29982292954183e-05	0.000706961501431416	-0.629201984968943
AL021368.4	4.30092848246575e-05	0.000706961501431416	0.180822156505878
AVEN	4.35215830426272e-05	0.000712505487532985	-0.172681081157689
PIM3	4.37298424468407e-05	0.000714956580727262	-0.150008913943061
LIMA1	4.39963357817954e-05	0.000717647618323802	-0.452540251261173
COQ2	4.54255130045894e-05	0.000737741742453525	-0.192477169187096
SPAG16	4.59231523755083e-05	0.000744653437451557	-0.492226447303058
STUB1	4.59730362595983e-05	0.000744653437451557	-0.678911448826367
TCF7L2	4.68789108734452e-05	0.000756317223906718	0.221619957418024
NDUFC2	4.71266525463566e-05	0.000759078665485384	-0.431185524470673
MTRNR2L8	4.75263540617245e-05	0.000762732407563524	0.590955358420983
MORF4L1	4.76947301299658e-05	0.000763910374543348	-0.561982474774845
PTMS	4.85208283562898e-05	0.000774620753876297	-0.551849677225279
PTCH1	4.88305884374983e-05	0.000778548272307006	0.327517754134812
YWHAZ	4.89873578374781e-05	0.0007794665696116	-0.435465261364773
PCDHGB6	4.99158507625107e-05	0.000786609400467798	-0.36793080355406
STX10	4.98695352025404e-05	0.000786609400467798	-0.260687379571838
DIP2A	4.99065957480542e-05	0.000786609400467798	0.371263285888166
MAP3K13	5.01741988935345e-05	0.00078929958780249	-0.240284420551987
NEU1	5.08221916464076e-05	0.00079575823920202	-0.170093152310303
CCDC14	5.10727091627632e-05	0.000797635546041979	0.4104192878822
LMAN2	5.17300315173668e-05	0.000803789917203055	-0.420305484381321
MZT2B	5.20214864709391e-05	0.000807291504789808	-0.672722945766583
XRN2	5.40356346853253e-05	0.000833254048499845	-0.1843231429104
NFU1	5.52894829574605e-05	0.000849371641961591	-0.501561944941539
YWHAB	5.62501489232805e-05	0.000861961190464271	-0.52131357687161
MAGOH	5.72018704218392e-05	0.000875446671004915	-0.474099230415876
PRDX2	5.84953936678078e-05	0.000891840428333249	-0.397920967993635
PSMB1	5.90495568889737e-05	0.000895866134515572	-0.497878615093831
STMP1	5.9808095195813e-05	0.000902887845026531	-0.545778829837609
DYRK4	5.9923811170763e-05	0.000903517908430282	-0.330068384504384
TNFRSF12A	6.13153541902299e-05	0.000922222193011426	-0.195097078716002
USE1	6.14028319157197e-05	0.000922401951029132	-0.241493795233439
LDHB	6.19370202730354e-05	0.000928938140915396	-0.480145095653571
ARF4	6.26519503866848e-05	0.000936558470101079	-0.605028642993037
FKBP1A	6.27400655318027e-05	0.000936729120219935	-0.526220568431546
ATP5MC3	6.30322077845577e-05	0.000939941823776316	-0.676366995673538
OCIAD1	6.60453889420532e-05	0.000978898464987009	-0.474974985650628
GMPS	6.62198221990153e-05	0.000980294167898878	-0.308044263405828
SNU13	6.7081610224232e-05	0.000991849522601145	-0.559279256909591
NPM1	6.75283111090734e-05	0.000996042588858833	-0.540677424975447
UQCR11	6.80205360112442e-05	0.00100209264934297	-0.991184272449484
GRIPAP1	6.92182825076844e-05	0.00101484139767869	0.165526496591353
ATXN10	6.90676666527019e-05	0.00101484139767869	-0.608721785854192
KDELR1	7.04975551458563e-05	0.00102988832655065	-0.368708290170283
TMEM106B	7.12236817221497e-05	0.00103801291750909	-0.3086375669012
LMAN1	7.13441913820572e-05	0.00103852992771045	-0.279025975321561
LRRC4B	7.20421512080901e-05	0.00104619594851891	-0.505819466349708
FAM114A2	7.32785335640145e-05	0.00106036816400155	-0.259671588135174
XACT	7.51219207322472e-05	0.00108191511545157	0.28317313112939
RGS11	7.50957166356672e-05	0.00108191511545157	0.271459167056857
RPL35A	7.57126832541966e-05	0.00108913898773086	-0.416495074073308
SRSF8	7.66391609910112e-05	0.00110116949786261	-0.499617164198206
JPT1	7.75257959902317e-05	0.001112599937049	-0.661288667763803
SLAIN1	7.76552791785443e-05	0.00111315014625301	-0.322390123910038
RWDD1	7.78453780699927e-05	0.00111456694298807	-0.711625707854929
ACBD6	7.81865499339537e-05	0.00111814090672526	-0.305064572062173
AC245060.7	7.90697402602576e-05	0.00112944881613863	0.294419692291268
PUF60	7.97819907833022e-05	0.0011369631895408	-0.644252954609447
COX6A1	8.29172280065344e-05	0.00117206956671737	-0.386656176765981
RABAC1	8.27629118877019e-05	0.00117206956671737	-0.51521735729799
GPM6B	8.41562754744949e-05	0.00118683671174366	-0.338992858991538
PSMD8	8.48123033798335e-05	0.00119333255896072	-0.611609457683275
PCMT1	8.60329720420353e-05	0.00120911471524669	-0.449550711009659
RPL23A	8.64100924336046e-05	0.00121301891826622	-0.631544315419295
OLFM1	8.67780101607852e-05	0.00121678511836242	-0.591052269940572
SRPK2	8.75531563914722e-05	0.00122484157962091	-0.589125418743364
TMED7	8.79349654477181e-05	0.00122738062400248	-0.527106119539994
IER3IP1	8.79356461149735e-05	0.00122738062400248	-0.377121837437797
DYNC1H1	9.0638872101155e-05	0.00126078799546277	-0.252539760523765
DHX36	9.14574655997929e-05	0.00126354075494374	-0.465608087554304
SLC1A1	9.14524814697668e-05	0.00126354075494374	-0.264126548763301
ARL3	9.17643708122968e-05	0.0012663483172097	-0.740080211928345
VEZT	9.38522052237618e-05	0.00129078489008762	0.324441898755057
FTX	9.42688470353104e-05	0.00129505672535686	0.505213061320767
MRPL4	9.47575699236176e-05	0.00130030809154735	-0.323596450246697
SDHC	9.5216891062349e-05	0.00130514465829907	-0.340565695022583
PARP14	9.58326118710864e-05	0.00131064242864678	0.270280859613963
LRWD1	9.57496078527214e-05	0.00131064242864678	-0.166251137203005
RPL22L1	9.70863545351218e-05	0.00132305758794924	-0.170502747803122
VPS33A	9.8117623178599e-05	0.00133442152770627	-0.159198041215259
THY1	9.96601947849682e-05	0.00135238884323202	-0.417592742161792
FUNDC2	0.000100487214154716	0.00136209805379749	-0.40886261958489
NKX2-2	0.000101510127048392	0.00137291603725583	-0.30552974821823
GLTP	0.000101625927869752	0.00137296178879787	-0.405527566962698
ZNF32	0.000102686027747723	0.00138422125483768	-0.545558858316794
WDCP	0.000104174718087656	0.00140119585022527	-0.254523376733626
RPL8	0.000104133192027734	0.00140119585022527	-0.448373266126282
MACROH2A1	0.000104289833520189	0.00140120103056333	-0.463216497129082
CSGALNACT2	0.000105616063615551	0.00141746042300739	0.167621385681723
OLIG1	0.000106385667993192	0.00142622191350258	-0.375610163298349
UBC	0.000106893563837175	0.00143145953414848	-0.464279264682164
NUCB2	0.000109928203205235	0.00146316668884997	-0.237541342569558
VTI1B	0.000110469962104916	0.00146648874694276	-0.610635088589163
SET	0.000111955384543129	0.00147977393011389	-0.48006968774922
COMMD4	0.000111757588573248	0.00147977393011389	-0.203190432851159
C4orf48	0.000113576942574207	0.00149796457846521	-0.570214894338555
ABAT	0.000114991389590768	0.00151277659156707	-0.446041048201032
RASSF2	0.000115071600226465	0.00151277659156707	-0.446169578184358
PSMD7	0.00011583137608153	0.00152112752267067	-0.222438264717031
ZFYVE1	0.000116443075546546	0.00152587905756435	-0.206581894185276
USP51	0.000116703032249906	0.00152764644466034	-0.168283526385843
ANKRD36C	0.000118144371512478	0.00154385899627891	0.55995135920977
RHOC	0.000119029644795348	0.00154814595514972	-0.654086701545915
ZNF462	0.000118911583271534	0.00154814595514972	0.551068109295502
DNAJC5	0.000118702262094957	0.00154814595514972	-0.345997632623625
TMED1	0.000119227912272115	0.00154907499210568	-0.361522672264647
YWHAE	0.000120560329165334	0.00156472189170693	-0.415092671443835
TMA7	0.000120863718595296	0.00156489825054683	-0.423495607847681
KCTD20	0.000120958318882847	0.00156489825054683	-0.418363097856202
EBPL	0.000123492333569603	0.0015959913967043	-0.377473823849418
SUB1	0.000124098977973331	0.00160044436957581	-0.504461147556399
CAMK2N1	0.00012439981174686	0.00160263175196667	-0.554284235694035
RAD51D	0.000126722116706891	0.00162714732781965	-0.177786045954644
RTN4RL2	0.0001277471986464	0.00163198382538544	-0.229807816011022
NENF	0.000128390516075591	0.00163848837286436	-0.681144087987204
MT-CYB	0.00012901725136485	0.00164476794459177	0.373520590204888
MRPS6	0.000131343009866373	0.00167267172001879	-0.505902106130549
CALM2	0.000137979672486991	0.00174807649386268	-0.480647518620782
IST1	0.000139652153299792	0.0017619542853826	0.241975372125428
HAX1	0.000141644922688075	0.00178341179462831	-0.258313890965595
TMEM263	0.000143064782929476	0.00179573503999762	-0.362439620648746
PCSK1N	0.000145665082587351	0.00182275374348291	-0.384640902065912
MYL12B	0.000146761079998844	0.00182897252043458	-0.892366504471838
TMBIM6	0.000147447349249927	0.00183378256251462	-0.377552574161539
MTX2	0.000148342021681569	0.00184303266612106	-0.39013490185617
ACER3	0.000149637536722997	0.00185610968640109	-0.167311725979107
PNKD	0.00015157890855241	0.00187297229435703	-0.723894493845443
BLOC1S4	0.000155318753790992	0.00191535468119021	-0.345324186704173
DLC1	0.000155417709740399	0.00191535468119021	0.19864688975335
GRSF1	0.000156327703827301	0.00192268907033517	-0.18328356597991
RPL7A	0.00015878265368379	0.00194895733612073	-0.398561966637195
ARF3	0.000159556662115301	0.00195257065572563	-0.153182925125175
VAT1	0.000162980240013928	0.00198848918210799	-0.15776498751809
SLC25A3	0.000163537759288201	0.00199131271603868	-0.553900864381058
HMGN1	0.000165968244798133	0.00201488088838926	-0.370530216025124
ADAP1	0.000167897642850329	0.00203627995246383	-0.156434774769817
TNFAIP6	0.000170178062165367	0.00205686548029216	-0.40204852048692
DNAAF2	0.000170307997247016	0.00205686548029216	-0.184645046547428
PDCD5	0.00017043706428033	0.00205686548029216	-0.619110910513079
H2AZ2	0.000172105028933506	0.00207105093112328	-0.547620678547766
PEX2	0.00017535681932463	0.00210771891746859	-0.237522278790035
UBE2S	0.000177869837674349	0.002131278935986	-0.645977557987913
PAFAH1B3	0.000179558822282134	0.00214155458645674	-0.586783397636464
PRPF40A	0.000180181681452036	0.00214479422570538	-0.452405160850897
COPS8	0.000180812081149544	0.00214602327218599	-0.402354568324375
ARPC2	0.000181638609849377	0.00215374013795189	-0.569085827014095
SGIP1	0.000182171139342476	0.00215586833797447	0.185871665380118
RPN2	0.000182062455895127	0.00215586833797447	-0.232489496130031
DMTF1	0.000183706028029775	0.00216972099035614	0.20380347483046
RPS9	0.000185592674302718	0.0021878796633775	-0.510712062206801
SNRPA	0.000185854990058458	0.00218885920307035	-0.311824525969326
SNHG30	0.000187852514798232	0.00221025314376764	-0.234390374297226
NUTM2B-AS1	0.000191167574650345	0.00224192311501936	0.180737952206751
NRXN3	0.000191278464410888	0.00224192311501936	0.40025388118425
RPLP1	0.000192847988541137	0.00225815195019454	-0.39775331264138
NCOA1	0.000198080422968228	0.00230395829115331	-0.177397313304126
HSBP1	0.000199006566290387	0.00231033003241872	-0.68308473522914
MRPS35	0.000200762909721798	0.00232850656831179	-0.335878967470405
TELO2	0.000201043055191148	0.00232954348486669	-0.177042555314522
TAF1D	0.000203152117680443	0.00234685266132529	0.297444335824552
AP1S1	0.000204144012873441	0.00235430673203337	-0.573299079682226
PRELID3B	0.000207085556350411	0.00238597726387507	-0.195085159668066
PMPCB	0.00020953051400276	0.00240733411807686	0.317547867918231
ITM2B	0.000212878987376715	0.00243435493710844	-0.290117342769947
COMT	0.000212667881353805	0.00243435493710844	-0.282201686506289
TMEM14B	0.000214505487858635	0.00244836964786683	-0.33789618771521
CCDC43	0.000216655934464207	0.00246655279190007	-0.272967335327053
RPL36	0.000217174538925066	0.00246960208928476	-0.46673787487968
ADD1	0.000221063642974295	0.00250449932434607	-0.190178495962791
NUCB1	0.000223126227256931	0.00252318575323046	-0.313196474308936
NME1	0.000223662526050671	0.0025245752593871	-0.748293959841706
SOBP	0.00022593678585855	0.00254554055875505	0.525155920529416
RPL35	0.000227125024363861	0.00255421539830187	-0.505938621965561
ORMDL3	0.000229073282458046	0.00256902846525264	-0.187894448266678
CUL3	0.000230656415738779	0.00258405404458139	-0.258365080165593
PTPRN2	0.000233983480956869	0.00261449245464432	-0.169480759906299
SOX11	0.000235754374801882	0.00263187219328646	-0.260197931131974
WDR1	0.000236146410338112	0.0026338411958533	-0.341751687237704
RNF181	0.000236530656426731	0.00263571980560189	-0.277095883273591
REEP5	0.000237476202370031	0.00264384399229278	-0.358790694023253
ERP29	0.000239768286115588	0.00266450416590508	-0.47326241826041
CYRIB	0.000241980585920827	0.00268176850803181	-0.552154082452092
GRAMD1C	0.000243480256821314	0.00269594231782295	0.155314378636728
POMGNT2	0.000258679565787911	0.00283402299865295	-0.263373675538345
GON4L	0.000259870309165754	0.00284135728365385	-0.19596970197102
MIAT	0.000261899660761343	0.00286098439792333	0.232280518400528
RPS12	0.000266185772732668	0.00289485916507932	-0.575017105031868
NDUFA1	0.000266048197991653	0.00289485916507932	-0.559179951361203
RPL18A	0.00026945335478413	0.00292518561953651	-0.485937376936739
AC074032.1	0.000275408998306678	0.00298453424695604	-0.216594720469749
RRAGA	0.000279080290089664	0.00301362297335549	-0.656513764189471
STRAP	0.000278821978469053	0.00301362297335549	-0.42649677473357
HEXIM2	0.000279523249201332	0.0030157397901907	-0.151649657893477
RAB8A	0.000282526532444494	0.00304306379728979	-0.309555166933809
GNPTG	0.000284731426781703	0.00305367621880669	-0.303337296080464
PAN3	0.000290557901259101	0.00309919969264402	0.335244294455284
VEGFB	0.000298190121812037	0.00317664191440188	-0.507497069164429
SEMA6D	0.000298855502526601	0.00317937478428343	0.421731757411803
UBN2	0.000302985637475404	0.00321212117229784	0.215642021536598
MFSD3	0.000304259172747899	0.00322003230222711	-0.21930801221103
RPS6	0.000312711602087584	0.0032980542282346	-0.53924074105972
HNRNPF	0.000313901860843624	0.00330489950558895	-0.567421319176469
PHB2	0.000324107022742889	0.00340061775666572	-0.528486410221762
TMEM178A	0.000328611887136644	0.00344196996363622	-0.166086022287742
ASAH1	0.000329932184522613	0.00344988165203311	-0.308748590772166
UQCRH	0.000331191226927193	0.00345712688415539	-0.741196740510983
PRDM2	0.000331949850569244	0.00346208669940408	-0.232129314958602
SCARB2	0.000335252664507564	0.00349355016350758	-0.349173941957367
KAT6A	0.00034071647738581	0.00353841015162661	0.439386093925183
TARS3	0.000340431829285971	0.00353841015162661	-0.265447589095869
UBR3	0.000342235030907454	0.00355116094517649	0.248086805295308
NDUFB3	0.000343907911822663	0.00356246592628514	-0.706154746631048
KIAA0895L	0.00034656232764993	0.00358692009117677	0.308094266797491
CD63	0.000346945867100658	0.00358784917434406	-0.357594516077191
BCAS2	0.000348818578510897	0.00360416353583214	-0.272246376190968
LINC01116	0.000355141891755965	0.00366639723078242	0.208366248148326
ATP5PB	0.000358535934892709	0.00369271573232508	-0.210787978057279
HNRNPDL	0.000359231704853884	0.00369301078399031	-0.364561776221715
COL6A1	0.000359932309911184	0.00369710117825508	0.553920605967683
RBM6	0.000360354081067593	0.00369832301855338	0.482476757742266
LEPROT	0.000362461942019471	0.00371371451164748	-0.159117817464834
PIKFYVE	0.00036306424542181	0.00371676750153945	0.217453698212505
PDS5A	0.000364572127393055	0.00372284230087908	0.157413134005965
PRDX6	0.000369507706830185	0.00377008991104181	-0.507775994046916
AC133555.6	0.000371468470241715	0.00378062035588505	-0.17311562462043
TF	0.000373535544585499	0.0037914786496905	0.31653428999177
GTF2A2	0.000376734651582353	0.00381830730271807	-0.656773726731304
SMIM18	0.000381944470254421	0.00386149653577587	-0.241179453197087
RPL14	0.000391604350153723	0.00394609235018764	-0.601024388820516
IFIT3	0.000391326991258526	0.00394609235018764	-0.205008915423041
PNMA8B	0.000397473643960698	0.00399206053757567	-0.242097863825783
CISD1	0.000401979190710423	0.0040306829689215	-0.506223557604728
RPL21	0.000403378414573845	0.00403808244031998	-0.427300382261479
TAF7	0.000418447875040073	0.00416503985156024	-0.385900155550054
YAF2	0.000421950113524495	0.00418988355866985	-0.383214802355677
CCNI	0.00043138578915513	0.00426946081276467	-0.424721931531532
RSRC1	0.000433541548849337	0.00428385350816906	0.291373789851912
MARCHF1	0.00043488121889084	0.00429361707866922	0.293995478507699
CMTM8	0.000441235546789907	0.00434231243589455	-0.258374401846031
TMEM126B	0.000441145933340138	0.00434231243589455	-0.543857810788443
AASS	0.000446142219353274	0.0043800119975575	0.238231216464378
MLF2	0.000446762933369387	0.00438258289577536	-0.516527709944003
UBE2N	0.000448049343010544	0.00438624604351495	-0.651297615158721
SF3B4	0.000448942940693333	0.0043898639989493	-0.438841471900648
BSG	0.000455124684334505	0.00443964678097229	-0.312222233314881
R3HCC1	0.000458616087221658	0.00446656959588366	-0.157498409236644
DNMT3A	0.000462682778918503	0.0044954214629528	0.169374406162434
GPX1	0.000469017603581185	0.00454251545799922	-0.698081170834504
GET1	0.000472748682791839	0.00457140115830303	-0.569395786051359
ZNF814	0.00047941692803574	0.00462489647875237	0.195560729069947
YTHDF2	0.000480329300490489	0.00463004084206026	-0.481691988211278
UQCR10	0.000483901984296205	0.00465346057811776	-0.654781999211823
TMED5	0.000489825912228001	0.00469932746743171	-0.389852302559625
ZNF787	0.000496590897721885	0.0047567565755901	-0.190110856125528
LRP1B	0.000506206289856787	0.00482614942858777	0.385349654727465
MRPL17	0.000513533648329146	0.00487697235384437	-0.193598908658863
RPL28	0.000513190159434497	0.00487697235384437	-0.374029916443878
TLN2	0.000517759912516294	0.00490947345618129	0.156433167094933
DSTN	0.000519273069892618	0.00492000155360632	-0.585203374507995
PCSK7	0.000521471484272792	0.00493317679118792	0.309553672046351
TDP2	0.000533226306751653	0.00502104308740011	-0.153819214658206
EDEM3	0.000538130947973405	0.00505942514826728	0.366126308786135
INKA2	0.00053913057655634	0.00506492440883276	-0.209563560180621
RBFOX2	0.000541511694314162	0.00508338379912288	0.170544209281953
SAE1	0.000542696995749501	0.0050905978564429	-0.338683617404905
B3GAT2	0.000552129262864053	0.00515926142873655	-0.363675175640211
RHOB	0.000554668816679639	0.00517112233443391	-0.54305617718507
DNMT1	0.000554427391548088	0.00517112233443391	-0.258242741405833
ECHDC1	0.00056163488299515	0.00522378353143184	-0.206948601819906
SHISA4	0.000563596514756967	0.00523437584389874	-0.316881676991721
RPL24	0.000570947741153239	0.00529058024484409	-0.393922299990388
ANKS1B	0.000574778959921729	0.00531801169509399	-0.178473829716953
SMS	0.000578331098291362	0.00534278192392769	-0.465750761521281
ENO1	0.000580375401203876	0.00535510360413751	-0.689111975753399
BUD31	0.00058698650833402	0.00538066967140566	-0.533303248016922
LAYN	0.000584576609308462	0.00538066967140566	-0.255422627847537
ELOB	0.000586191660425931	0.00538066967140566	-0.367742588635343
SAT2	0.000593025929797802	0.00542112700645251	-0.351777752496892
MICAL3	0.000597081796094058	0.00545004482488545	0.230279269718321
PDIA6	0.00060176536443954	0.00548050737949299	-0.369953809089735
SNRPA1	0.000602844585933811	0.00548624510283877	-0.393407085646267
PAIP2	0.000609694487875881	0.00553620727169378	-0.576382463970122
MTREX	0.000613027510349703	0.00556233654078821	0.323624933439739
HNRNPH3	0.000614246844607061	0.00556926259330812	-0.173631923132179
RAB1A	0.000616189026617906	0.00557406527682751	-0.283145224588639
ATP6V1A	0.000615438230319475	0.00557406527682751	-0.304547282017567
COX14	0.000618111966487571	0.00558284222365112	-0.179021778546779
GPX4	0.000622501549806426	0.00561492719925102	-0.553806060401077
HECTD4	0.000630491352115009	0.00568279769991188	0.175116310938539
MRPL54	0.000645550905234432	0.00579288259046886	-0.429276848786123
RPL37	0.000649549339927818	0.00582448317807522	-0.625320971315115
SEM1	0.000657021978125591	0.00588716758536159	-0.554804142997039
KIZ	0.000665485695166222	0.00594990980605057	0.283387023059583
SMG1	0.000674006165699037	0.00601727872929995	0.395006647418407
RPS19BP1	0.000677446827290654	0.00603476156214497	-0.62362718564072
PCED1A	0.000690121562312053	0.00613424646325845	0.271119730675776
RELB	0.000694348293008572	0.00616357072217866	-0.178406963468861
NDN	0.000698015486633792	0.0061908955252422	-0.298031562163057
DLG2	0.000699745238954519	0.0061927453647475	0.217766715250909
LAMTOR4	0.000704206583636146	0.00622320912152551	-0.704592172679694
CSMD3	0.00071781899091464	0.00632976414154548	0.468851643094699
FBXO45	0.000722203930401021	0.00635461957021052	-0.257255804128439
UBE2L3	0.000721820043999098	0.00635461957021052	-0.547659989590704
RNF7	0.000727001400368585	0.00638308274816788	-0.56910793994276
TMX1	0.000730581176849454	0.00640990510981493	-0.229497549354372
GOLGA8B	0.00073258282859973	0.00642285289712025	0.481846426405859
ALKBH4	0.000738738068524568	0.00645675444832508	-0.367780629950103
PEPD	0.000739092992611026	0.00645675444832508	-0.525155785079994
CHRM3-AS2	0.000754438731501671	0.00658140016273565	0.206977305540208
ACBD5	0.000759473766577932	0.00662059465468686	-0.301628707916874
RAF1	0.000763003164068025	0.00664661743421026	0.237269867193078
B2M	0.000766371688080314	0.00666645115849351	-0.410716138313282
TMEFF2	0.000770280485577925	0.00668990606950493	-0.223089541390156
MAGI1	0.000774948349036459	0.00672190638265786	0.391800194077193
POP7	0.000776314527560831	0.00672897751958867	-0.430882366960327
DCLK2	0.000776893675724251	0.00672922160398601	-0.262467827737477
RTN4	0.00078256692902038	0.00676876055532996	-0.361189112801035
TCEA1	0.000784337222267572	0.00677927140520443	-0.587997547390763
ECPAS	0.000787271910784271	0.0067998245024104	0.263718640486996
ST13	0.000798673109707951	0.00686484541587295	-0.640897388078402
ZNF608	0.000810386022226089	0.00694543472943665	0.165363183685261
CCDC91	0.000809935009067195	0.00694543472943665	-0.167673425852066
APC2	0.00082921930930888	0.00706717056845035	-0.245881611352906
SSR4	0.000830933352367439	0.00707684032947248	-0.431034154943619
UBXN1	0.000834713620773731	0.007104081847045	-0.595765923847398
DRAP1	0.000846836211649977	0.00718607617139994	-0.703666610729605
GIT1	0.000846725543118065	0.00718607617139994	-0.18692512902268
INPP1	0.000854769484734124	0.00723945888838964	-0.288230730012112
PMP22	0.000863125582558823	0.00728065087177507	-0.328257335879189
PMEPA1	0.000863209896203251	0.00728065087177507	-0.400319517207754
PTPRF	0.000865324896005734	0.00729345269490548	0.221178728355652
OLFM2	0.000874668997883051	0.00736204856729545	-0.466753403609625
RAPGEF4	0.000885845526684809	0.007440736875792	0.240367211987057
ORMDL1	0.000891391545324689	0.00748217521859136	-0.41640957393809
BLOC1S2	0.000901854472119696	0.00753891079260633	-0.573184443404897
PSENEN	0.000908844832329617	0.00759214906788072	-0.414350844730974
H4C3	0.000923664085111155	0.00769489049895125	-0.834447209916493
COMMD9	0.000927416436731082	0.00771327982447789	-0.32153894177938
DIP2B	0.000928243720475752	0.00771327982447789	-0.286758254784778
ENOSF1	0.00092839771898653	0.00771327982447789	0.172299137320219
BCL2L1	0.000929047926664148	0.00771343462158344	-0.278197271133821
PLD3	0.000942191849262199	0.00780664114995878	-0.284618094382531
MRPL27	0.0009443550327349	0.00781840963417252	-0.343107553655577
NIPA2	0.000946242413524573	0.00781898416534209	-0.170028243509858
SLC6A1	0.000948003505735822	0.00782823990233374	0.501779649853039
ZNF276	0.00095675300807304	0.00789515168080813	0.286357863479757
LRIG2	0.000959169017379498	0.00790974423312343	0.188710484630742
POU3F1	0.000970514135508774	0.00799250784691076	-0.305683423465276
ZNF704	0.000976305646191668	0.00802397096698441	0.503882896390894
LRCH3	0.000983100581809636	0.00806353754576298	0.262629569237637
DECR1	0.000986095443605394	0.00807725261754036	-0.589541340787783
NDUFB11	0.000992306569882911	0.00812268105762734	-0.670733858578877
VPS36	0.00100461714372622	0.00819946345040191	-0.172261823203914
TMX4	0.0010110933306934	0.00824331298248227	-0.320013631306014
AP2A2	0.00101471098590686	0.0082562726654767	0.447930732495992
GOLGA8A	0.0010361479718319	0.00840270596280412	0.569446653259042
C12orf75	0.00104558439658751	0.0084679855673231	-0.150930384589542
ARL6IP5	0.00104816448028937	0.00848325566452888	-0.372368895709844
IGF2R	0.00105265061234038	0.00851392180696226	0.294171418824616
SF3B5	0.00105358692647134	0.0085158551508898	-0.701261726110662
MPC1	0.00105849831511256	0.00854424317413729	-0.633846236371326
ERO1B	0.00107100715049659	0.00863380219736955	0.255497672655612
DNPH1	0.00107058350065699	0.00863380219736955	-0.674547500860144
STRIP2	0.00107263889416153	0.00864125251609157	0.233189356547175
CDKN1B	0.00108426454485075	0.0087291515400542	-0.601328083550775
DAG1	0.00108936887048694	0.00876446773073586	-0.262158148149728
AKAP12	0.0010929332296417	0.00877580113978572	-0.358181615284205
HECTD1	0.00109391130965048	0.00877788359051337	0.382970260243663
TCEAL9	0.00109767335639003	0.00880228805094642	-0.6106855091958
RAB2A	0.00110015567351563	0.00881640501354747	-0.33687489599152
NDUFB2	0.00110402143092891	0.00883000244658467	-0.453356172981233
OST4	0.00111001422426162	0.00885918494414563	-0.591545098680915
LTN1	0.00111157051371542	0.00886136467624444	0.27834997896517
LSM1	0.00111596634225861	0.00889060465623252	-0.41923490506102
TMEM183A	0.00112208239216869	0.00892768225117665	-0.156694774874013
TOMM7	0.00113032195318615	0.00898153676920132	-0.472786172730749
PRDX5	0.00113755859945074	0.00902373721186342	-0.51373628333987
LUC7L	0.00113650641158493	0.00902373721186342	0.169065570814122
INTS3	0.00114179142642717	0.00904912309601236	0.192913939503685
PRDX4	0.00115511220689837	0.00914282915285144	-0.404348939824614
CCT5	0.00115867570104687	0.0091650947777755	-0.580053943507272
RPS26	0.00116536365009685	0.00919417716965945	-0.488528375446905
INO80C	0.00116535165245388	0.00919417716965945	-0.218194129456439
GCSH	0.00117051044257204	0.00922882119763225	-0.427988074324168
LSM2	0.00117558394249601	0.00926284302561534	-0.446273519557887
LARP1	0.00118188318517167	0.00929448766291151	0.289979811469608
TM9SF3	0.00118510191901693	0.00930781333566156	-0.314246054648823
PEX11A	0.00119040345073052	0.00934344302298959	-0.177638648302928
GLT8D1	0.00119427805995012	0.00935480669812194	-0.264107253876746
MGA	0.00119685903833126	0.00936402270028163	0.265392872278003
MED11	0.00119973404113459	0.00937450533869275	-0.319599508246661
LINC02552	0.00121176688820832	0.00945642747967294	-0.380350984449029
PSIP1	0.00122254781310731	0.00952230640400484	-0.424996856819077
DPY30	0.00122423794585869	0.00952939326499179	-0.377489304067387
THOC1	0.00124447064198707	0.00966225044538343	0.341175733967104
CHCHD6	0.00124571712071838	0.00966578347861091	-0.394715165444012
EPG5	0.00125017650784178	0.00969422583509314	0.213726278991756
SPTLC2	0.00126176373274023	0.00977166802026407	0.159873255993087
ATOX1	0.00126873287146108	0.00981941353558569	-0.676733182356177
DEGS1	0.00128716022761306	0.00993476122126861	-0.292739215797476
ARL2BP	0.00128646986785531	0.00993476122126861	-0.501911433535897
MED31	0.00128919951303648	0.00994002124540056	-0.302365643811862
MYDGF	0.0012960140943962	0.00997996225401057	-0.419388995932251
UBR5	0.00130545277273437	0.0100399840764514	0.308629812684081
NBEA	0.00133439050145795	0.0102303271778443	0.199062894529809
CAP1	0.00134650921269621	0.0103038327159517	-0.474403127606924
MTDH	0.00135744269224666	0.0103776616739541	-0.35267665530336
TSR3	0.00136205001230845	0.0104032000002021	-0.346362476284306
SNX16	0.00136488584767173	0.0104183442860093	-0.219838406328772
RAB24	0.00137071766083523	0.0104497969986146	0.265970710000489
LRFN5	0.00138514295826322	0.0105531821268052	0.200965747593995
B4GALT7	0.0013957741059441	0.0106143145428987	-0.24919071906173
TMEM208	0.00139715541195559	0.0106182072471771	-0.289803773620703
RAD23A	0.00140278536392679	0.010647742479576	-0.408483809825984
EEF1AKNMT	0.00142630019484153	0.010806082059305	-0.178883963873696
SF3B6	0.0014307659685933	0.0108331957684005	-0.610182163779326
LAMTOR5	0.00143884846273237	0.0108876432932779	-0.664736248815694
CBFA2T2	0.0014457892195634	0.0109182145238436	0.239259161145497
AC008969.1	0.00145233673909105	0.0109490053052586	0.236785090675643
LSM8	0.00145721055672897	0.0109646876210846	-0.316714385656432
MT-ND4L	0.00145781221539498	0.0109646876210846	0.585109377915396
SMIM26	0.00146298888666401	0.0109886120989099	-0.474689424809466
CBX3	0.0014675410830336	0.0110092624367871	-0.444873888079154
RAB4A	0.00147041357728396	0.0110240399136703	-0.490964693332436
PHLDB1	0.00147657241272686	0.0110566394093398	0.193535660288823
IL6ST	0.00151843642579956	0.0113284447576604	0.196615848500475
DDX5	0.00152997310212645	0.0114005866359185	-0.317566524609547
SMAP1	0.00153781041262515	0.0114519991276774	-0.402229156306325
ATP10B	0.00156352977542214	0.0116115623215927	0.202787768995709
SIVA1	0.00156403059698746	0.0116115623215927	-0.477760271997943
RIOK3	0.00157356948693083	0.0116684906763122	0.307189579708295
DNAJA3	0.00157515182751924	0.0116731366926532	-0.252337787284741
B4GALNT4	0.00158096191499221	0.0116949048260447	0.335398555928787
LARP1B	0.00158312712059406	0.0116993907417318	0.330014942165862
SARAF	0.00159551519172724	0.011781152984622	-0.297552654493787
SPC25	0.00159716303893718	0.01178332672898	0.237167292446537
DIRAS1	0.00159870403585687	0.01178332672898	-0.203683508313814
DESI2	0.00161404349126646	0.0118308085817594	-0.43542294037215
THAP5	0.00161267641901562	0.0118308085817594	-0.379172884007492
GOLGA2	0.00161117476011716	0.0118308085817594	0.249654312863555
RNH1	0.00161580190898016	0.0118308085817594	-0.429629720031379
FIBIN	0.00161344364766016	0.0118308085817594	-0.350846958286623
SEPHS2	0.00161222435566474	0.0118308085817594	-0.43403658527817
PDCD10	0.00162243387920955	0.0118722498303093	-0.290822687616427
RGPD2	0.00164168547128692	0.0119772429276148	0.214017019013572
CIAO2A	0.00164165644192906	0.0119772429276148	-0.342967012958915
ADGRB3	0.00164697163177089	0.0120014704885548	0.191842227593477
ZNF678	0.00165024151690058	0.0120044358387643	-0.156104146066021
MLF1	0.00165131026030656	0.0120044358387643	0.285302939121228
UBE2R2	0.00166096489796834	0.0120602641491601	-0.4554545258291
SCLT1	0.00167423849345926	0.0121368319155396	0.258805610607052
HDHD5	0.00169898531125896	0.0122852028457109	-0.228929739307878
COX6C	0.0017011397628117	0.0122935029131475	-0.39868416027603
LAMTOR1	0.00171023922475983	0.0123300777166422	-0.642649146974125
CELSR2	0.00171520721166438	0.0123585992189127	0.173895635124848
APRT	0.00173952620073705	0.0125116805003543	-0.237425129826564
C1QL1	0.00174348855307866	0.0125238984016485	-0.464850375284493
TMEM18	0.00175667533533674	0.0125905374826688	-0.245860870384209
GPBP1	0.00175654687754386	0.0125905374826688	-0.288133264682791
PLAAT1	0.00177369199084227	0.0126901583386975	-0.356376063587995
POLR2B	0.00178774215069351	0.0127831937274121	-0.188730678364963
DAD1	0.00179309013656229	0.0127989537333929	-0.336073205406751
RPS27	0.00179785315356532	0.0128104904110229	-0.447245055353457
PNPT1	0.00181391394877887	0.0129173942020037	0.365613786079391
CYHR1	0.00182381840909691	0.0129692138071442	-0.196289394467268
RPL12	0.00182543834721043	0.0129692138071442	-0.737913604662758
DCTN3	0.00182965445738846	0.0129916104000496	-0.615186895795403
PHF3	0.00185235213435361	0.0131222602185966	-0.218149356502266
PLLP	0.001851863685828	0.0131222602185966	-0.399818494259438
IARS2	0.00186689762894495	0.0131946879295745	-0.29352836508774
MGLL	0.00186633063345627	0.0131946879295745	-0.417934048621291
KCMF1	0.00187015794839863	0.0132100861907417	-0.171545744187384
CEBPG	0.0018826389049619	0.0132828821180241	-0.294591162135204
GLRX2	0.00188587482334057	0.0132980307260152	-0.25189326215451
NORAD	0.00189272472166297	0.0133386307130236	-0.304422134257323
SSB	0.00189956726618394	0.0133791320772229	-0.54840474838191
MIR99AHG	0.00190097245610565	0.0133813121650826	0.479232493956752
GAMT	0.00190599221431767	0.0134089187289526	-0.164755632871102
ADGRB1	0.00190857995150864	0.0134193937523172	0.5155146321949
RHEB	0.00192077706299378	0.0134896206269943	-0.542064282249503
UBE2D2	0.00192317819439079	0.0134987214299395	-0.509902881566036
FXYD6	0.00192878999937462	0.0135225673147889	-0.306622063496371
RFTN2	0.00193038324287165	0.0135259727740628	0.435353055514103
PJA2	0.00195218199203142	0.0136630364863494	-0.359100849759267
ZNF219	0.00197381667861424	0.0137907454782126	-0.211839571058398
TLE3	0.00198417856977626	0.0138393905612093	0.317194495911051
NDUFS3	0.00199476188284688	0.0138814967949908	-0.554612480504992
TNK2	0.00200744482529355	0.0139618016237529	0.563038606323827
NCAN	0.00201372846938759	0.0139975331796418	0.309029759205211
OLA1	0.00204651797301703	0.0141724870603142	-0.252615389539113
CDK11A	0.00208270820525075	0.014386943049054	0.239668194422816
CITED2	0.00208618070249617	0.0143946468472236	-0.238455029262958
TPI1	0.00209641190148647	0.0144407662452647	-0.52589321660056
ACAA1	0.00210287464810318	0.0144771184201151	-0.204130750572138
KMT2A	0.00212190132392348	0.014583444495823	0.498020418921853
NAXE	0.00212938258815837	0.0146266307925636	-0.220512483662184
TBC1D20	0.00214890289020107	0.0147524176492556	0.247712265719927
VAMP7	0.00215584233254148	0.0147917429254658	-0.195829876439543
SSPN	0.00216861930919678	0.0148627091039396	-0.493680042788355
TRA2A	0.00217065380726432	0.0148683090006277	0.546093193240836
RFX3	0.00218337032434632	0.0149234622478797	0.167668032307249
TTC28-AS1	0.00218738983934148	0.0149410470401999	0.203602888544618
MDM4	0.00224742394579762	0.0152395568340384	0.451014460514786
CRELD2	0.00224856148488801	0.0152395568340384	-0.211368501319573
POLR2J3.1	0.00226081912942395	0.0153056452481456	0.440134334884329
PHLDA3	0.00226770609251063	0.0153437642702672	-0.262453556230624
TMEM234	0.00227254843414397	0.0153510143950223	-0.191063434943997
PRMT1	0.00227059882832143	0.0153510143950223	-0.419048229661394
EIF3D	0.00227734951856356	0.0153579622695841	-0.210454485958314
SERF2	0.00227978178948171	0.0153658802400332	-0.510228329354425
POLR1D	0.00229511901217028	0.0154477581009019	-0.289691006672463
RPL27	0.00230043897514771	0.0154624442506764	-0.33841114210167
NFATC2IP	0.00231515484018805	0.0155442474234286	0.165176641327285
CHCHD1	0.002316558473467	0.0155451256244245	-0.237218606513547
COX20	0.0023523602619751	0.0157576591935708	-0.580284404087538
BTF3	0.00236061214295426	0.015788694469825	-0.481154191520134
SFRP1	0.00239218729574976	0.0159300891183162	-0.211359883187732
NUTF2	0.00240839033515001	0.0160205180627381	-0.387660494645904
EYA2	0.00241020180241514	0.0160238402900904	-0.198196970130715
SPATA6	0.00245424079417192	0.0162546869952395	-0.204961091387271
CSPG5	0.00246446067263304	0.016304690246407	-0.321196667149471
FEZ2	0.00250345554334648	0.0165195710488655	-0.494300476132293
SLC7A6OS	0.00250370310418816	0.0165195710488655	-0.240802349397919
ATP6V0B	0.00250923527988754	0.0165471330849171	-0.332882738668256
S100A16	0.00252349226219659	0.0166088236309063	-0.662294901401578
NAP1L2	0.00252674971802373	0.0166088236309063	-0.19582881859181
CKS2	0.00252616931038525	0.0166088236309063	-0.171834125810116
FIBP	0.00252241425747373	0.0166088236309063	-0.510859690937901
ABCA2	0.00256334128784163	0.0168312296496827	0.289446216501266
COX5B	0.00256889230780023	0.0168586145917056	-0.5061267726386
TSC2	0.00257188351704079	0.0168601252783785	0.305090858064285
NT5E	0.00259925099994003	0.0169848327780993	0.331521896418972
UBE2B	0.00260841982942759	0.017022639488191	-0.421757470538083
HES6	0.00262227022586132	0.0170804193431703	-0.232159977259123
CALCOCO1	0.00264028260598674	0.0171702723466006	0.303604942936842
FABP5	0.00266221557591122	0.0172669351187486	-0.278481445506302
BCKDK	0.00266147878964299	0.0172669351187486	-0.199979879408871
COPE	0.00266955064852293	0.0172961390293955	-0.627094018825538
PCDH19	0.00267545810259324	0.0173252225911831	0.410526408005029
AASDHPPT	0.00270115121409497	0.0174545818929851	-0.649699640561231
RBM5	0.00271225879937007	0.017489343567427	0.353398026143808
IFI27L1	0.00271214417997234	0.017489343567427	-0.299661373969585
IGBP1	0.00275404359063642	0.0177213563606126	-0.304475671648494
GSDME	0.00277155197064112	0.0178058728129616	-0.180520190681185
PSMA4	0.00277646359039111	0.0178280493319909	-0.402115473878877
GUK1	0.00278015976953062	0.0178424021362467	-0.544332632562013
LINC00342	0.00282511022147539	0.0180791188278357	0.314199664447693
MON2	0.00282592629512309	0.0180791188278357	0.16240630963015
MLLT6	0.00284010617882095	0.0181522904996731	0.178234787845033
LSM12	0.00284206672397254	0.0181522904996731	-0.387688897215769
LINC-PINT	0.00284720614110922	0.018167674295385	0.177428513509129
HYI	0.00287929609153542	0.0182583636957112	-0.193144556161296
CPLANE1	0.00287290971054407	0.0182583636957112	0.248627466808618
LINC01003	0.00286911341178783	0.0182583636957112	-0.565915459728267
NAP1L4	0.00287183780966259	0.0182583636957112	-0.151858173469477
LINC00863	0.00287530547879228	0.0182583636957112	0.244869537632757
NDUFV2	0.00287585988578478	0.0182583636957112	0.411858949332368
FOSB	0.00288722884921997	0.0182987679997527	0.449168725275793
BANF1	0.0029007225994386	0.0183652281528997	-0.65029609394968
TMEM164	0.00291072775292905	0.0183904387203944	-0.165532777006363
TPT1-AS1	0.00296440068310258	0.0187005297224854	0.211762229053717
PLOD3	0.00297209025326355	0.0187393589381041	0.292471820482113
RPL34	0.00297616131396047	0.0187456720615778	-0.48461969302553
PTENP1-AS	0.00298069882461615	0.0187600728920774	0.231769940113322
PKN1	0.0030199864991446	0.0189727855524964	-0.344847129738001
RPS8	0.00304446338696018	0.0191069020272069	-0.390631741035125
COA4	0.00304781090814462	0.0191082723927979	-0.366870768011951
RSRC2	0.00308479142538869	0.0193004906138689	0.381113185740086
MMGT1	0.00308915060684979	0.0193178680806229	-0.251385844770558
C1orf56	0.00311200369325746	0.0194508193990549	0.213989594851535
EBF4	0.0031551634763477	0.0196301637985912	0.32885295222805
AL590807.1	0.00316100515431606	0.01965649488272	0.185781685259453
COPRS	0.00318798384344674	0.0198141713384301	-0.51086587003772
GK5	0.0031994167782689	0.0198682414567737	0.189286386634455
NEPRO	0.00325212385404777	0.0201512879906065	-0.240268995196087
SDHAF3	0.00326355443947661	0.0202016170143577	-0.248981099216315
RPL26	0.00326310449023715	0.0202016170143577	-0.446370399491274
ALDOA	0.00329086630790544	0.0203500507435185	0.181128692720433
MEAF6	0.00330600548891988	0.02043332238673	-0.255936975314474
PCDHGA10	0.00332676803748599	0.0205097516616943	0.185085511259495
NAE1	0.00333912500060897	0.0205651707677445	-0.299350410126756
NHLRC3	0.00334387547629236	0.0205823933282573	0.241067139605717
NOP10	0.00335984952088365	0.0206303882345661	-0.601994319285308
MIR503HG	0.00336411911347402	0.0206462244888735	0.189758902665028
RICTOR	0.00338889231569381	0.0207878160982263	0.335811540998608
FAM181B	0.00339648252726039	0.0208239162175859	-0.69083156921065
MBTPS1	0.00339831522385675	0.0208246983587368	0.228154884236045
FGFR1	0.00340295965380849	0.0208427012296706	0.234930355238476
ZFP36L2	0.00341300027557127	0.0208832526881522	-0.47608914875709
SOX4	0.00342121392524709	0.0209125553899113	-0.483388232814833
PGP	0.00342389501919615	0.0209184741718072	-0.27649985243348
WASL	0.00344752836107122	0.0210208007357777	-0.306246371087844
MT1M	0.00344715674963116	0.0210208007357777	-0.259556849209851
PFDN4	0.00346203906007102	0.0210715970626041	-0.22803163383963
HP1BP3	0.00349045215543073	0.0212189607637011	-0.338654741279896
THYN1	0.00349968878240173	0.0212539528092851	-0.629479297742441
TNRC6C	0.00354169311670978	0.0214557033900678	0.43824482416548
UGGT2	0.00355361080581261	0.0215065652980126	0.239923281796377
BTF3L4	0.00356369797136214	0.0215476284309446	-0.532048666546488
PTN	0.00357625043100532	0.0216114530004295	-0.273396505136137
RPL36AL	0.00359408304849361	0.021687023849433	-0.509836590251327
HNRNPD	0.00361960350506473	0.0218194558772732	-0.524923129336034
ZNF638	0.00363525029900461	0.0219029659110722	0.467817316433774
ZFHX4	0.00364403852242679	0.0219298603534655	0.357286769205539
NF1	0.00364689645278706	0.0219298603534655	0.23069653372359
UPF3B	0.00366563564245804	0.0220142578866356	0.241345172956922
ATP5F1D	0.00366633919114196	0.0220142578866356	-0.383812686442292
PALMD	0.00368023100216699	0.0220759632757689	-0.165510125097686
PTTG1IP	0.00368224752902455	0.0220772160392621	-0.434544409955381
NAGLU	0.00368641720214958	0.0220913706034606	0.261170905039459
PXDN	0.00370073176288963	0.0221554103040054	0.261502038156491
SCG5	0.00370497825859001	0.0221699654444683	-0.563507440834525
ORMDL2	0.00370864643630248	0.0221810474664849	-0.163436300250503
AC234782.2	0.0037368903253516	0.0223114503818021	0.163209074737702
ZNF431	0.00373459937556868	0.0223114503818021	0.293455478300121
PWWP3A	0.00374730493590107	0.022346599210039	0.418359070758799
CCT2	0.00378027018961938	0.0225102095689037	-0.519735270496741
ANKMY2	0.00379499161753181	0.0225868580043451	-0.197199214081667
SDHAF1	0.00383290865225971	0.0227681485262879	-0.179710344204042
RPS27L	0.00385464441453289	0.0228750108040282	-0.221943007999738
LSM7	0.00386504394751547	0.0229255860762537	-0.525035226010947
GPC6	0.00387658563717476	0.0229605918461762	0.157885253978288
LINC02609	0.00388581659150605	0.0229929641628214	-0.177971553073054
STXBP5L	0.00393770608994207	0.0232549344663745	0.226563275419392
CCNL2	0.00394349038510944	0.0232739481787169	0.285714129510951
SNRPN	0.00394473697944355	0.0232739481787169	-0.442792848388352
FOXN3	0.00396105179791906	0.0233495491338886	0.15265115825324
MRPL57	0.00396996769479646	0.0233889124247705	-0.589740102181611
TMEM50A	0.00400140857616585	0.0235343559771553	-0.286131012439587
THAP11	0.004010781347649	0.0235695835742124	-0.291963799239641
GTF2F2	0.00404831485854069	0.0237610561211568	-0.449080464119255
ZNF747	0.00404869874626441	0.0237610561211568	-0.160061130025413
FERMT2	0.00405820306710966	0.0237939673829142	-0.17383075205011
LENG8	0.00406408915758882	0.0238069124541903	0.268673229467622
RNASEK	0.00406940465483142	0.0238139142546508	0.268795693069697
BIRC6	0.00408500763364089	0.0238823351984951	0.175506232834736
SIAH1	0.00408999354473488	0.02388861365942	-0.187244736001264
TMEM130	0.00411471433501855	0.0239985702834678	0.314566302352479
U2SURP	0.00412691785323785	0.0240467785026688	0.343944842630403
EEF1A1	0.00416696889575712	0.0242570024422697	-0.319014902583366
MPLKIP	0.00418579412003328	0.0243433826609364	-0.244669666753544
THAP12	0.00419065354259643	0.0243600436533699	-0.361850271143034
COX4I1	0.00420736180448388	0.0244455326917991	-0.451545480933472
MED13L	0.00421014882861966	0.0244500939818982	0.315130053709754
NFKBIZ	0.00421941233841421	0.0244813548516603	0.158025203585257
CLDN10	0.00423007148577428	0.0245307991717765	-0.159183569015708
BEND5	0.00423680755850117	0.0245349126182906	-0.3024256877069
CBWD3	0.00423655135608169	0.0245349126182906	0.185103474022116
NDUFAF8	0.00425412042572379	0.0246001764959113	-0.421903364704333
SCAND1	0.00425103520663985	0.0246001764959113	-0.617548560579464
CHASERR	0.00426944328854773	0.0246770993294053	-0.333210646270057
C14orf28	0.00428746419232027	0.0247578251445898	-0.151255027468267
COPS3	0.00429090839106688	0.0247660038658317	-0.23905553633126
ATP5MF	0.00430355918914726	0.0248155658059752	-0.535304532453366
LIX1	0.00431464515483119	0.0248560194697893	-0.284660144924722
ODC1	0.00432209180094147	0.0248871792385187	-0.226437250110849
RAB18	0.00438022624201461	0.0251389582207351	-0.17540507772762
MT-ND1	0.00439482591532879	0.0252109013170083	0.408212860912131
CAMLG	0.00441425268552121	0.0252890400989848	-0.484975728973041
RBM25	0.0044189581547445	0.0252899418668672	0.257837426335275
MDK	0.00442175670285303	0.0252941052046576	-0.31333832222307
DVL1	0.00442966297552501	0.0253274690637111	0.263956035279937
MRPS26	0.0044790621564202	0.0255740000543992	-0.513244068871708
PHC2	0.00450609885410148	0.0256743002043307	-0.286748041389891
ATP5ME	0.00451889077216877	0.0257052692130867	-0.56690205423971
HIGD1A	0.00452519896505232	0.0257174291828237	-0.504505853294717
CTPS2	0.00453765409333103	0.0257759857869079	0.24408156199322
PMS2	0.00458654312774025	0.0260415858759143	0.259828500300239
CRMP1	0.00459797581898998	0.0260943674151137	-0.345158444452808
TSPAN13	0.00466407041580534	0.026420358065042	-0.151623647711845
MANF	0.004738145560492	0.0267778675290554	-0.207126691947853
MYO9B	0.00473678315876085	0.0267778675290554	0.342791619258798
TRMT112	0.00474727417056223	0.0268046506912051	-0.402558561602367
RO60	0.0047558530573704	0.0268406808639855	-0.236449435615765
RAMP2	0.00477555041106921	0.0268897174598378	-0.312664678441771
TMEM123	0.00481393234875723	0.0270559391511146	-0.153311617318756
DDIT4	0.00483107089654476	0.0271155845302815	-0.324259197183647
STX16	0.00484775421859085	0.02715977728235	0.295319559720408
FIS1	0.0048542737202583	0.0271825974073886	-0.52978943633976
DNAJC13	0.00492315104476868	0.0275052349998902	-0.177769109514462
LSM4	0.00495269341366172	0.0276215470528736	-0.430830194324797
IP6K2	0.0049878803079656	0.0277295030352931	0.254286953894932
CALR	0.00498826808880201	0.0277295030352931	-0.29068899584314
MRPL13	0.00499182865674571	0.0277366712396885	-0.299178221995939
CKB	0.00500552837253021	0.0278001446174222	-0.557708314265559
SON	0.0050261587529311	0.0278893579507258	-0.292000053411638
BRINP3	0.00503880906127305	0.027934169344225	-0.165058869583719
CDC14B	0.00504424004331237	0.027938414435038	0.183216853385721
SF3B2	0.00504643758648112	0.027938414435038	-0.222231950117152
GTF2B	0.00505907113118446	0.027944609345516	-0.287557020999415
ANKRD36B	0.00506128517745692	0.027944609345516	0.257442889224752
CARS1	0.00505219799211659	0.027944609345516	-0.229014714405016
HEXA	0.00506973106748742	0.0279785926467347	0.320544307880281
CHST11	0.00509163400752503	0.0280614287607866	-0.202863500309215
KAT6B	0.00511060748179972	0.0281532923659089	0.246626935847916
BEX2	0.00511391168554911	0.028158793244189	-0.409391206323201
MATR3.1	0.00511701772717448	0.0281631985137368	0.344537757976368
FASTKD1	0.00513751280753816	0.0282319910000325	0.217958608412296
CLASP1	0.00514335648602397	0.0282445201276127	0.239000136796539
PMVK	0.00517219954233667	0.0283646488597026	-0.447361856961255
MTX1	0.00517691068573123	0.0283777424617754	-0.233264527079099
PCYT1B	0.00520725652880143	0.028505703265913	-0.151849927583552
BCAS1	0.00522970205833058	0.0286157487627201	0.366744939294031
USP4	0.00524042872578814	0.0286579918361493	0.22009520580571
RTL8A	0.00524259268192633	0.0286579918361493	-0.222250825227142
CEP290	0.00524446178283745	0.0286579918361493	0.25671426710336
FMC1	0.00527307623881547	0.0287372066508939	-0.465578887537805
KCNB1	0.00527913621388723	0.0287573999019646	0.360922173366498
RNPS1	0.00529156372898287	0.0287994063378199	-0.29804210082444
AAMP	0.00531130008550901	0.0288939456322145	-0.255058833343057
ALKBH2	0.00531582685696371	0.0289022936745447	-0.219129088435556
FLYWCH2	0.0053471784025722	0.0290115903290157	-0.416655764047859
VDAC3	0.00536602393406474	0.0290984053237399	-0.479714316553891
STX4	0.0053679445831807	0.0290984053237399	-0.155539359156327
RTRAF	0.00537522554805574	0.0291216046812936	-0.251729072371568
ACVR2A	0.00540714091213276	0.0292719024644847	0.232654637312638
KLHL9	0.00542129864059146	0.0293355428877021	-0.372358601860898
CCDC85B	0.005484258178079	0.0296499535763076	-0.404019502737196
APH1A	0.00549468358232085	0.0296800400667335	-0.244397929267007
WDR11	0.00551787639989843	0.0297789767883162	0.273840165153606
GIGYF2	0.00554056107798341	0.0298618148479309	0.176017608484808
NAT8L	0.00553836226039658	0.0298618148479309	0.248014268095246
ABCF1	0.00564384158050316	0.0303381325804072	-0.465273866429603
FNBP1L	0.00565205300684984	0.0303689060152473	-0.160016717203963
ALMS1	0.00565604743509771	0.0303770041006369	0.163682600563251
LUZP1	0.00566502067786728	0.0303984611330374	-0.170463493760879
FIP1L1	0.00571327402849234	0.0306170319043339	-0.198527179786717
CDC42	0.005719270383565	0.0306225881494119	-0.416571202425911
RBX1	0.00572586706347484	0.0306441781096486	-0.447817455067263
KLF3	0.00579392807183424	0.0309541747774766	-0.284292535067532
GNG4	0.00580250671512049	0.0309606674117021	-0.287484311442293
PSD	0.00580274852250766	0.0309606674117021	-0.237769273113985
CCDC32	0.00582558231446228	0.0310418136154135	-0.191220797265867
FJX1	0.00585337081836644	0.0311762833862666	-0.167579751393342
USP33	0.0058838654972389	0.0313250432945853	0.410726678865989
ERH	0.00589455094879155	0.0313545952689857	-0.374216006932201
C16orf91	0.00589340872970838	0.0313545952689857	-0.208642619445838
CUTA	0.00596313126636472	0.0317055821315248	-0.474791891855917
FAHD1	0.0059850972378516	0.0318085259207492	0.153947322007508
ZBTB33	0.00599861582527816	0.0318665050344159	-0.190613267805344
NUDCD2	0.00600406057590248	0.0318815616580422	-0.533459405086455
MUC20-OT1	0.00605575323123279	0.0321141616209492	0.360986709460959
AP1M1	0.00605929717626402	0.0321190088601183	0.167868268102616
MYO5A	0.00607271362315582	0.032162207926974	0.30778470900739
APBB2	0.00619391929066229	0.0326701082039754	0.182379322415744
ANKRD44	0.0062090017777185	0.0327137785639672	0.268786763336251
SHC2	0.0062399401730049	0.032848443677978	0.323125130182804
NRXN2	0.00625601425760608	0.0328850457993382	0.179410833327118
TLCD1	0.00625766367294374	0.0328850457993382	-0.177984357596209
MAN2C1	0.00630652695389932	0.0330564865613615	0.252058876918546
LINC00882	0.00631808042462042	0.0331028383637448	-0.154354884543178
FEM1B	0.00633668388202867	0.0331753749382115	-0.243860520608226
MGARP	0.00636005749692735	0.033279940963999	-0.217596347785118
MTURN	0.0063700820531246	0.0333181208200474	-0.185663279114033
RANBP1	0.00637436786978013	0.0333262648945311	-0.585250772491531
RBP1	0.00639034588943849	0.0333955046417254	-0.486549865023663
SCD5	0.00639404049350965	0.0334005203367123	-0.294899366153633
CNN3	0.00640337339015735	0.0334349718743017	-0.484224540227538
ADPRS	0.00644671784773793	0.033646908151463	-0.150305094654108
RTCB	0.00649758604079445	0.0338689792216059	-0.393947024406306
INF2	0.00650676211621833	0.0339023403265249	0.250914445156495
SLAIN2	0.00656197166350025	0.0341150706739407	-0.236382192089739
GARS1-DT	0.00656435078062398	0.0341150706739407	0.225483584050254
MAPRE3	0.0066042019918652	0.0342929927409225	-0.174811812332361
LINC02256	0.00660954729895753	0.0342942983165712	0.176666265770242
WDR33	0.00661805752444229	0.0343118408634588	-0.253865004370942
CDK2AP1	0.00664273433086001	0.0344053072022024	-0.579787389909479
ANGEL1	0.0066408622881616	0.0344053072022024	0.217776580683133
LRCH2	0.00668308718640087	0.0345996370527825	0.305063821085801
CD81	0.00674631674553547	0.0348531160800443	-0.256662341220109
RPL17	0.00676446170073484	0.034918061019782	0.499279755965323
ARF1	0.00676957507474489	0.0349289481993491	-0.241504759723217
STX12	0.0067773306407387	0.0349454752248614	-0.391944219999418
VPS4A	0.00677850084399383	0.0349454752248614	-0.240025421480589
MFN1	0.00689846917190696	0.035458006248606	0.291184031601906
SEC61B	0.00695999289218301	0.0356853036071499	-0.470709013396104
HERC2	0.00699993595837298	0.0358599907129233	0.394094712669607
TNS2	0.00703899982482845	0.0359846399584051	0.192776159095317
EEF1B2	0.00706981556326682	0.0360879821210256	-0.363115857753721
SPAG7	0.00708856096732316	0.0361623204235246	-0.202501062316199
DSCAM	0.00710096110238056	0.0361853936095718	0.429979363975878
KBTBD2	0.007138581748253	0.0363416002048411	-0.207619103654602
MPHOSPH8	0.00716659969572003	0.0364386686443917	-0.287104578198339
ZNF713	0.00718372114908123	0.0365082506367451	0.173129216819435
DPH7	0.00718626336942072	0.0365082506367451	0.251353637622907
UBE2J1	0.00722483069564977	0.0366736730199379	-0.202073374666918
NDUFB6	0.0072295124470054	0.0366821917387939	-0.275629639536743
ENY2	0.00725705092213597	0.0368066291162984	-0.30779982061188
HNRNPAB	0.0072939291716434	0.0369297592351972	-0.410443141760879
EFS	0.00729644714931063	0.0369297592351972	-0.307152133391577
LITAF	0.00730211606154003	0.0369431414497052	-0.328283275236713
MFGE8	0.00732885409461381	0.0370323934867681	0.15434627630014
FAXC	0.00733745277419794	0.0370519921896981	-0.171077953727941
IGFBP4	0.00733880038539914	0.0370519921896981	-0.182995606637438
CARHSP1	0.00735836234547905	0.0371354046798908	-0.204126113703743
PHKB	0.00737016991482281	0.0371796303881582	0.283884577400745
DENND10	0.00737444813062531	0.0371804134402643	-0.380810178972198
ILF2	0.00739192430672996	0.0371971864681059	-0.622482157451336
NRF1	0.00738900716322011	0.0371971864681059	0.159952618168808
XYLT2	0.00742210421212504	0.0373183033111087	0.200662787269589
DLAT	0.00748008447118404	0.037582271657651	-0.160368063609291
RTCA	0.00749183899928104	0.0376069994649483	-0.197969508234171
P2RX7	0.00750579016751539	0.0376615510747188	0.266129600110966
KANSL2	0.00752880674554043	0.0377515557140016	0.18997636568795
EGR1	0.00756113259878066	0.0378769944335144	0.738069405260515
PSMA3	0.00756547087688536	0.0378831881178355	-0.437369765140033
MTMR2	0.00757978627964603	0.0379313929268825	0.251890933552409
TGS1	0.00761387171256672	0.0380507582220246	-0.258108711467443
PSMB5	0.00761552461423059	0.0380507582220246	-0.555570717179113
SCAMP5	0.00765743724672403	0.0381986074441884	0.412494025540573
MRPL40	0.00765973877268627	0.0381986074441884	-0.404776617899546
RPL36A	0.00767710628068771	0.0382383764298691	0.397022586337716
IQCK	0.0076747685256229	0.0382383764298691	0.246884268776447
MDM2	0.00769126841001653	0.0382737594757564	-0.264573248106569
GADD45B	0.00769361168533383	0.0382737594757564	-0.286432948744447
TRAPPC11	0.00773855265537436	0.0384659925030879	0.172139295066434
PCBP4	0.00783916374898571	0.0388711761536185	0.170536263085463
RABIF	0.0078635025564021	0.0389760376304135	-0.169836551362631
TMEM41A	0.00789076425897415	0.0390952956977084	0.203680638175279
SLC12A9	0.00790245416714462	0.0391214725347942	0.178472329490226
GCFC2	0.00792577986635603	0.0392051638346724	-0.166103109638561
CTXN1	0.00792495008427484	0.0392051638346724	-0.293410555827431
GGPS1	0.00794062100239392	0.0392574013642116	-0.207551089811821
MESP1	0.00795530679690369	0.0392817128170559	-0.200290651181831
METRNL	0.00795733705964107	0.0392817128170559	-0.192721363842586
WDR70	0.00799352982858948	0.0394285055721177	0.196545035584619
KMT5B	0.00807170000789747	0.0397819500389232	-0.205201922193553
GPR155	0.00807740544009534	0.039794010746222	0.452439987549572
SLC39A10	0.00812581192175896	0.0399482012004186	0.185327328046095
CEP162	0.00813190409468746	0.0399482012004186	0.161849423629224
TXLNA	0.00817784797351199	0.0400786746791741	0.210950191108327
RNF11	0.00817488644012291	0.0400786746791741	-0.216548858019094
GLA	0.00817637272625885	0.0400786746791741	0.192428451976582
NKTR	0.00820052784972611	0.0401415016547916	0.366447035460687
NUS1	0.00825111831187638	0.0403244929743682	-0.303793829278472
BAG6	0.00827521676456355	0.0404099249682585	-0.199813259585683
IAH1	0.00829594120445615	0.0404787574630535	-0.178331622074715
OGT	0.00840015282827072	0.0408403927116522	0.179539416458571
ORC4	0.00841128583510591	0.040845739126898	0.211660023654279
GAK	0.0084066960163242	0.040845739126898	0.151974120266423
ACTR6	0.00840890294094812	0.040845739126898	-0.166400732812109
HMGCR	0.00843530371157092	0.040929822896073	-0.158857239679605
DRAXIN	0.00848274419050443	0.0411273341796866	-0.191319317012809
LSAMP	0.00850034367439534	0.0411963084505517	-0.273144794013365
ISCA1	0.00851194616560972	0.0412298326965336	-0.318145412349729
STK4	0.00851401277824104	0.0412298326965336	0.22085269861012
ZDHHC15	0.00852155260511327	0.0412499888887231	-0.196937491073185
TNIP2	0.00853285526181523	0.0412883364946709	-0.177171824963668
LMTK3	0.0085543376983901	0.0413758916080944	0.20087475101393
RECK	0.00856691646326681	0.0414203288859373	0.160629208147713
OPCML	0.00857512085040386	0.0414435896105985	0.202185446126235
ATP5F1C	0.00860135728483101	0.0415539464080859	-0.449107414066222
RPSA	0.00864155539909168	0.0417151446992516	-0.479484625241043
MINDY2	0.00871561118105088	0.0419896486604238	0.307098327213442
LGALS1	0.00874146836532443	0.0420976155937331	-0.175027789635556
GRIK4	0.00900977971402667	0.043270326247506	0.180525480257859
ZNF254	0.00903914745303813	0.0433772525909449	-0.182215520931232
COBL	0.00906349565323022	0.0434428855623629	-0.207322152402998
ERGIC2	0.00908878391901232	0.0435227149345813	-0.290452909862531
USP8	0.0090908413819796	0.0435227149345813	0.192713588123503
GRIA4	0.00910841270198898	0.0435556164171462	0.267451578534868
PDCL	0.00913377464571243	0.0436256510551763	-0.162125882051269
IFNAR2	0.00915259944259114	0.0436643347626428	0.220291733665374
FBXW11	0.00919564449624042	0.0438183403170442	-0.459994211590831
DMAP1	0.00921407005232536	0.0438890162047775	-0.202197494875356
ZNF331	0.00925847033525879	0.0440489669670883	-0.173853564970547
NECTIN3	0.00931231094135173	0.0442656955017924	0.172229721612125
MT-ND6	0.00931852150455319	0.0442656955017924	0.215999910761393
WRN	0.00938095390643156	0.0444930446832034	0.164358958067583
HECTD2	0.0094617348564567	0.0448239595818098	0.232686193524445
CYB5A	0.00947769593822786	0.0448647676331694	-0.354881778272607
JAK1	0.00951270377600467	0.0449722813294082	-0.358964055643375
PPM1K	0.00951465041126753	0.0449722813294082	0.163654873381919
YES1	0.0095461600631464	0.0450840111566926	-0.328431645518853
GPR37L1	0.00955170701964304	0.0450875365158117	-0.202949457584229
GIGYF1	0.0095581251844088	0.0450882127760466	0.307223510721673
CSMD1	0.009571313956743	0.0451155759759561	0.343227281046346
MTF2	0.0097288508818465	0.0457521970812443	0.175190505120858
G0S2	0.00973953124509617	0.0457847941094532	-0.266074370275255
SSBP1	0.00980974747846473	0.0460439838410799	-0.153965385280943
DDX3X	0.0098269733414188	0.0460795489665974	-0.327064560682063
RALGAPA1	0.00982864366314471	0.0460795489665974	0.321461442845125
MAP7D1	0.00987216483610919	0.04623034859793	-0.310354415904364
NAA60	0.00993380048561084	0.0464477432353619	-0.21216212307066
IFT81	0.00994770538215131	0.0464771713206633	0.168961268872569
PABPC1	0.00999161036476468	0.0465931796047617	0.408022176042673
CCND1	0.00999903730950415	0.0466100162828146	-0.40022412308054
SNRPD2	0.0100606677987949	0.0468615315891235	-0.482517784096652
SEC24B	0.0100933058633868	0.0469777227551613	0.18229681955784
PSMC5	0.0101102359155624	0.0470132488055471	-0.527696910126456
SLC38A1	0.0101736109859092	0.0472255077806573	0.185157649170193
SETX	0.0101932210620115	0.0472805958337815	0.16761359362159
AGO3	0.0102099261806013	0.047340101914838	0.25241849411233
PIN1	0.0102305902816907	0.0473747882304308	-0.385994960082093
RAB5C	0.0102706859140008	0.0474956028276001	-0.430614374536353
SSBP2	0.0103332707358357	0.0477488594388048	0.168123806809315
PRKRIP1	0.0104039852355062	0.0479848458010714	-0.187643881143848
SGSM2	0.0104878855745432	0.0483170677185576	0.209793628232118
ZNF207	0.01050336032588	0.0483518807613916	0.192217111749815
GLS	0.0105548609037571	0.0485523601572827	0.241862797844687
ATP8A1	0.0105647551907951	0.0485795764853843	0.153712677964961
UBE3D	0.0106040292045909	0.0487051555756556	0.155319243995712
ZBTB4	0.0106849791176389	0.0490216566355087	-0.212543172303968
SENP7	0.0107105709116458	0.0490975986369316	0.372690684296515
AC245060.5	0.0107590200972458	0.0492688085668029	0.196763799220426
SCRG1	0.0107975504862644	0.0494267181741933	-0.262502853746509
CRTC3	0.0108148946555542	0.049469029373889	0.186443814718161
KIDINS220	0.0108359966570748	0.0495469963207989	0.323199259127321
B3GALNT2	0.0108541082350694	0.0495741300953265	0.238403869603138
EP400	0.0109300793034065	0.0498651694181934	0.248281713502882
EIF4G2	0.0109487631067462	0.0499317564685179	-0.327039872364937
MMP2	0.0109633996175834	0.0499611938543083	-0.331355902420871
