Gene	PVal	FDR	Log2FC
PLCG2	2.80062306493762e-127	3.42040094920832e-123	0.991724863869713
MT-ATP6	7.47509665773405e-110	4.56466777404529e-106	-0.624910743238676
GPM6A	2.9517300341566e-94	1.20164929690515e-90	0.495272208910229
PTPRZ1	1.84487268043327e-86	5.63285751153288e-83	0.470401584402375
DNAJB1	2.76486924552141e-82	6.7534696191106e-79	-0.870804436663164
MT-CO3	6.75949322902789e-81	1.37589484676863e-77	-0.503375287686048
HSP90AA1	4.61022378997887e-79	7.05172433601367e-76	-0.604243515138437
MT-CYB	4.61915947663222e-79	7.05172433601367e-76	-0.483377066282301
SCRG1	4.27928239111016e-74	5.80698620473648e-71	0.523306834727211
MT-CO2	3.75115546880342e-73	4.58128617404961e-70	-0.446853969257785
HSPA1B	6.70877755826671e-73	7.44857275628285e-70	-0.893703513475165
MT-CO1	4.18038365076938e-71	4.25458546057054e-68	-0.455465466914564
MT-ND4	4.07976614382037e-67	3.83278337803678e-64	-0.455797304280922
ITM2B	2.93118354378849e-62	2.5570389014492e-59	0.396623376796441
PTN	1.06742978808939e-61	8.69101333462381e-59	0.434488686991408
AL627171.2	1.5847075893767e-59	1.2096271118161e-56	0.637969435432484
GPM6B	5.73662272066301e-56	3.89229851596985e-53	0.390513778855288
CD63	1.63101728338881e-54	1.04840074115934e-51	0.386314471529392
FABP7	1.39611413178277e-51	8.52537094573149e-49	0.573756151260126
APOD	2.68060890750174e-51	1.55896555177708e-48	0.414069283326454
SCG3	5.05369631321306e-51	2.8054905942396e-48	0.397266911079613
PDGFRA	6.35686895088475e-51	3.3754974129198e-48	0.404174682100488
PCDHGB6	4.2670479460845e-50	2.17139402356375e-47	0.651785650699891
PCSK1N	1.46302227428543e-49	7.14715641433917e-47	0.284991031090744
CD81	7.73472282294994e-46	3.63323730141106e-43	0.339159942954725
PGRMC1	1.01670055632126e-44	4.59887551642649e-42	0.304591637313917
CPE	2.91594537249773e-44	1.27187288693981e-41	0.199643354076884
DBI	1.26755093842261e-43	5.33813779688113e-41	0.546736442783862
H4C3	2.34257359724916e-41	9.53661711440135e-39	0.77899993912327
RAMP1	3.33240723813837e-41	1.31286095481884e-38	0.607691687297402
PPIB	6.11410658622596e-40	2.3334869917993e-37	0.366976734433713
NDUFC2	1.89227732800811e-39	7.00314636574639e-37	0.471786134216737
OLIG1	3.16998257838251e-39	1.13867638911134e-36	0.366232921626329
ITM2C	4.550941020733e-39	1.5880183624632e-36	0.252525651249695
MALAT1	5.8900400193833e-39	1.99819607657578e-36	-0.468765694501418
HSPH1	4.86920437390722e-38	1.60723224374402e-35	-0.454804584251814
NDUFA4	1.56434388133866e-37	5.02771890073395e-35	0.396601521993642
H2AC20	2.56047657994677e-36	8.01823088997175e-34	0.358943633310641
SRSF11	8.52359897129712e-36	2.60246785591129e-33	-0.469236964210838
H4C5	1.46133645258593e-35	4.35300051108098e-33	0.321320484267822
CNTN1	3.82572386456577e-35	1.11246584661766e-32	0.374441120267001
COX6A1	3.96653736608627e-35	1.12658885702353e-32	0.393429473506234
C4orf48	5.34829435395807e-35	1.48451633965659e-32	0.513989679882574
SCD5	1.82906895541551e-34	4.9640931449977e-32	0.359501842857732
RPS21	9.09594478515901e-34	2.41497334045972e-31	0.458277421058499
HSPA1A	1.43690653014768e-33	3.73381690482844e-31	-0.577812318968858
SPCS2	6.20269704827662e-33	1.57819873022088e-30	0.354795678617873
BEX1	3.18486042529458e-32	7.93810211716789e-30	0.418271924448925
COX6C	5.90159767223793e-32	1.44152424742084e-29	0.475495621609661
RPL41	8.25125695652381e-32	1.97593335705932e-29	0.394904980502396
MT3	1.12052743496806e-30	2.63173106985864e-28	0.613661926267422
POLR2J3.1	2.13084158470461e-30	4.91018269320707e-28	-0.408515701807542
RPS29	9.54330064040644e-30	2.15837649483859e-27	0.412729359173137
TMCO1	2.14333956442739e-29	4.75938292733667e-27	0.450168786751074
DAD1	1.59951007957214e-28	3.48836010746688e-26	0.420912115854826
SNHG14	2.38421618231383e-28	5.10849688326296e-26	-0.452483678516305
RPS18	3.84537012066191e-28	8.09715608338689e-26	0.270120435816083
ACAP3	6.26162987827272e-28	1.29615738480245e-25	-0.391133298042893
ATP5F1E	1.11782410582883e-27	2.27533096741459e-25	0.470965503983611
SEC11C	1.35688523322652e-27	2.71666218908123e-25	0.457558220082725
COX7C	2.12839773564458e-27	4.19260024926246e-25	0.44317990852035
TMBIM6	2.96810110944091e-27	5.75387600787331e-25	0.273879150726382
HSPD1	3.85886696947353e-27	7.36380348409065e-25	-0.341021928836317
PEG10	6.4341592273107e-27	1.20892902527916e-24	0.499333277247993
ATP5ME	9.38415090419528e-27	1.73649446958995e-24	0.504664837495053
THY1	9.69094849997255e-27	1.76650080642037e-24	0.396557136901472
RPS27	1.23125573612944e-26	2.21137151549248e-24	0.394610927739818
SARAF	2.73023880748363e-26	4.83252268924603e-24	0.178511569286914
CHCHD2	3.28538415830003e-26	5.73205667504546e-24	0.438133210122127
LUZP2	4.19156826397369e-26	7.21008777576206e-24	0.325332286679031
TMA7	9.77568325590115e-26	1.65820027228223e-23	0.412285447395262
EEF1A1	1.22756443532756e-25	2.05373211625418e-23	0.357408089177833
SEC62	2.74190204620055e-25	4.52524995814153e-23	0.312169781232775
PET100	3.8271832181023e-25	6.23218515235779e-23	0.423784319137667
PCMTD2	6.59863621793034e-25	1.06038347538925e-22	-0.37841766026746
RPS7	1.13516918250189e-24	1.80049626310332e-22	0.262049623732417
SRP14	1.29404448957128e-24	2.02617504501718e-22	0.342891776828938
LINC00632	1.49657066735446e-24	2.31362247600001e-22	-0.387028733876048
RPL30	1.88133073935666e-24	2.87208653997035e-22	0.352358971447616
RPL38	2.41135549711123e-24	3.6357882328666e-22	0.44242763469133
BEX3	2.75056180180124e-24	4.09665991285348e-22	0.314179819795235
RPL39	3.53111743579748e-24	5.19584786064996e-22	0.3920908011746
RPS28	3.80847017591567e-24	5.53724360219738e-22	0.363195513015083
PRDX1	4.2809079326046e-24	6.15090924481176e-22	0.363668342004091
FTX	6.00903769563912e-24	8.533532253121e-22	-0.36416974622354
RPL13	6.33895690675191e-24	8.89858398875415e-22	0.350251468689042
MT-ND1	7.37082971335971e-24	1.02295390101434e-21	-0.295979219020808
RPLP1	8.01361602223304e-24	1.09966620763519e-21	0.370755480203543
UBL5	1.47675217853464e-23	2.0039527062715e-21	0.440885918136471
RPL27	1.63921463748376e-23	2.19997015028452e-21	0.391131210892764
MARCKSL1	1.794478281181e-23	2.38216991826778e-21	0.354132760988286
IGFBP2	2.3577262992062e-23	3.09622702066724e-21	0.391201183081511
GALR1	2.67290947832396e-23	3.47279185731602e-21	-0.301161548061075
RPL18	4.19806771694612e-23	5.39694747653294e-21	0.283736755457474
ABHD2	5.76285634319631e-23	7.33143380411005e-21	0.397161047635527
RPL36	9.06084251402397e-23	1.14082546003891e-20	0.397618941578987
H1-4	1.20498272267704e-22	1.50167897878109e-20	0.348723361417603
HNRNPH1	1.39749152758352e-22	1.72399636630075e-20	-0.349306804718019
RPS27A	2.04667561018983e-22	2.49960492272484e-20	0.292280684873961
INTS6	4.32297154341677e-22	5.22737143165831e-20	-0.314663390012684
RPS4X	6.46286965699017e-22	7.73833599223735e-20	0.358692281089599
NDUFC1	1.08063680090817e-21	1.28134148053315e-19	0.447650324438019
FAU	1.3726931823038e-21	1.61199056110349e-19	0.304764747064028
GOLM1	1.70978540216585e-21	1.98872467777633e-19	0.363208236924845
RTN3	1.80893011415524e-21	2.08419466831867e-19	0.284857232217165
PNISR	2.22460466394503e-21	2.53916792156642e-19	-0.271755755601999
H3-3A	2.44282020319872e-21	2.76242251311722e-19	0.332718109727055
NEAT1	3.10325127234583e-21	3.47706493478528e-19	-0.217768085616425
NDUFB2	3.62045287983403e-21	4.01969009285573e-19	0.403340937992142
RPL34	4.66048559280659e-21	5.12779374278801e-19	0.397686466188671
CALR	4.9843607022757e-21	5.43517832650832e-19	0.356828537870632
AP2B1	5.41817396324229e-21	5.8559432400954e-19	0.378553763393947
NDUFB1	7.56023804368268e-21	8.09940238837689e-19	0.459354954162865
KCNQ1OT1	8.94350403768833e-21	9.498001288025e-19	-0.484788112009368
RPL35	1.09262503730398e-20	1.15036461901668e-18	0.37803865076493
MARCKS	1.33486543860892e-20	1.39339415399409e-18	0.216080762604909
WSB1	1.96639611155789e-20	2.03521997546242e-18	-0.282793979271648
RPS19	2.16465344132498e-20	2.22158928394134e-18	0.270694852932472
ATP6V0E1	3.50223525134026e-20	3.56439992705155e-18	0.39646300423692
TMEM59	4.76161766520049e-20	4.80608566488377e-18	0.285933464649043
TIMP2	6.16811497682832e-20	6.17468755836101e-18	0.396755287298137
NKAIN4	6.29619131409193e-20	6.25165727796787e-18	0.362927774393797
DDX17	6.63500420488925e-20	6.53494406083165e-18	-0.292860053629842
RPS15	1.23437657246089e-19	1.1964635777353e-17	0.297192977520163
CIRBP	1.28766140581801e-19	1.23828415348467e-17	-0.225601418441334
RPL37A	1.45086264558466e-19	1.38432699144731e-17	0.265298113465112
RPL32	1.54962466748456e-19	1.46709814449527e-17	0.345092842390577
SNRNP70	2.09227840971651e-19	1.96561509368213e-17	-0.337276242350882
MT-ND2	2.16161740867148e-19	2.0152544589393e-17	-0.268908986577928
RAB2A	3.11958477577274e-19	2.88632491412973e-17	0.303420351074822
GABPB1-AS1	3.3814796770916e-19	3.0958499820227e-17	-0.336906552560312
PRDX2	3.3967403389097e-19	3.0958499820227e-17	0.329102227734054
RPS14	4.32202981926897e-19	3.90999630983199e-17	0.314545189335762
RPL15	4.79708229857039e-19	4.27878238306899e-17	0.30859236957908
TSC22D1	4.79974769901296e-19	4.27878238306899e-17	0.257915624413792
PON2	6.18246295137549e-19	5.4714797119673e-17	0.346660512300367
UQCR11	6.39123564536961e-19	5.6155511465395e-17	0.430034692724058
RABAC1	7.65398797342921e-19	6.67701107996364e-17	0.358748353722117
SPARCL1	8.50720129005565e-19	7.36868435145033e-17	0.487037159601336
RPL35A	1.10016868584265e-18	9.462225464927e-17	0.310148230358852
LINC00342	1.15344289377066e-18	9.85104759553923e-17	-0.273750459755133
TUBB2B	1.99112161222057e-18	1.68872001736457e-16	0.177806328178972
RBM25	2.82579884649773e-18	2.375141799023e-16	-0.299008015096713
ATP5PF	2.83935726404125e-18	2.375141799023e-16	0.375324240027253
BCAN	3.21010896654234e-18	2.66701093934569e-16	0.187616125459279
NDUFA1	4.12335936014311e-18	3.40260728820458e-16	0.433754007122506
RPS24	4.22428099014293e-18	3.46249286796078e-16	0.284965642376565
ELOB	4.84844524735844e-18	3.94760412039924e-16	0.356849949215998
NDUFB11	5.28654909229053e-18	4.27580291815525e-16	0.384422517115311
OST4	5.65766110744593e-18	4.5458562569235e-16	0.408699270058253
SSR4	7.4407331320506e-18	5.9008879053074e-16	0.375450053101491
FXYD6	7.83893951403953e-18	6.1369851464721e-16	0.271311160918775
NKTR	8.57993055409951e-18	6.67431158326225e-16	-0.332283970869256
H1-2	9.14266052827765e-18	7.06704512859841e-16	0.363078068160686
UQCR10	1.05984579652923e-17	8.14081554277456e-16	0.441248105104827
PTPRA	1.10950819757538e-17	8.46901476061759e-16	0.318205045933296
YWHAE	1.17252265087145e-17	8.89442182303911e-16	0.267448821132014
SELENOK	1.31620214120245e-17	9.92270169784291e-16	0.406213001854423
HSP90B1	1.40439619231458e-17	1.05226323292871e-15	0.262829146726412
H3-3B	1.59508526513045e-17	1.18785221603892e-15	0.251364237249696
DYNC1I2	1.85310121720794e-17	1.37163182822791e-15	0.320925073837712
HSBP1	2.2704733417049e-17	1.67043921218325e-15	0.35191436920291
FUS	2.4126978859535e-17	1.76444786114671e-15	-0.269717573945674
DSTN	2.49534642145684e-17	1.81402772888407e-15	0.329157253639603
NDUFS5	2.81941930340282e-17	2.03154203421429e-15	0.401266742215136
DYNLL1	2.82782400570236e-17	2.03154203421429e-15	0.320825927728492
SRSF6	3.64080840120209e-17	2.60030368443749e-15	-0.286354295880541
RPS12	4.82966411713722e-17	3.42934231759284e-15	0.263984244679497
S100B	5.04753435520801e-17	3.56332584278355e-15	0.308618201193302
RPS3	5.11255087136991e-17	3.58848182712878e-15	0.178060422249604
RPL37	5.39503528675773e-17	3.76511805469555e-15	0.288701536922252
TOMM7	6.16244579775772e-17	4.27624718909176e-15	0.370905907880411
GAPDH	6.51441789919411e-17	4.49494835044393e-15	0.209847650556089
RPL19	9.93745791651206e-17	6.81832435586302e-15	0.259582316578839
PCDHGA10	1.03665469183862e-16	7.07299650917604e-15	-0.235769874629824
GABARAPL2	1.20399364254193e-16	8.16909686464701e-15	0.307147473110515
FSIP2	1.35865579139062e-16	9.16754871837219e-15	-0.291423792812417
NDUFA3	1.76588525268011e-16	1.18498662587814e-14	0.41555064340969
TSPAN7	1.89262044411074e-16	1.26309144720899e-14	0.177121450167844
RPS8	2.00115955016538e-16	1.32826965142227e-14	0.285372207540331
TMEM259	2.15641845103793e-16	1.42358586716358e-14	-0.25609028240083
TNR	2.84579635807873e-16	1.8685866086675e-14	0.230962453269714
BSG	2.97849452749047e-16	1.94525955423749e-14	0.2088015099357
MYT1	3.5784801061332e-16	2.3246796561811e-14	-0.276567836320097
RBP1	4.28451103937851e-16	2.76513700551074e-14	0.40379314157423
MUC20-OT1	4.30177704943127e-16	2.76513700551074e-14	-0.258540103815837
BPTF	4.40766631257295e-16	2.81836799347923e-14	-0.317982733269786
COX5B	4.71409359394063e-16	2.99860547202067e-14	0.33159742794742
HBD	4.89950690549166e-16	3.10039781537667e-14	0.344167138531699
ATP5MD	6.72570308454702e-16	4.21235957802937e-14	0.394974069420971
RPS13	8.003752315869e-16	4.98723607314837e-14	0.286357186315903
NFIA	8.27532424856331e-16	5.13028096688852e-14	-0.27518858033716
RPL27A	9.27244453246405e-16	5.71941237752442e-14	0.341336388179522
C11orf96	1.06775364252601e-15	6.55300263124127e-14	0.397584507521851
RPLP2	1.16989140679697e-15	7.14394187560571e-14	0.334903914181894
RPL8	1.27190180559615e-15	7.72822723967453e-14	0.219157153636107
FTL	1.33575712146221e-15	8.07604045763266e-14	0.258078770505031
RPL11	1.47314865449402e-15	8.86283966371207e-14	0.262194187090929
LHFPL3	1.50029803975677e-15	8.97872852460492e-14	0.330143228465994
RPS25	1.50711483463851e-15	8.97872852460492e-14	0.306273779462034
TRIM9	1.61196750103977e-15	9.55677625737799e-14	-0.283371416961132
ARL6IP5	1.81199917872634e-15	1.0639397100858e-13	0.332289820006681
BCHE	1.9079091357441e-15	1.11489446291114e-13	0.253472461267429
RPL10	2.03970208220682e-15	1.18623245380914e-13	0.241349415797385
RPL7A	2.61262741457326e-15	1.51222837034044e-13	0.257895377384298
RPL3	2.83305933789049e-15	1.62442036120453e-13	0.232908438568101
TSPAN3	2.98954023174026e-15	1.706133404217e-13	0.195671206675563
ATP5MC2	3.29403870675912e-15	1.87116719654182e-13	0.293958372204844
LRP1	3.75477487921933e-15	2.12301229629193e-13	0.211532623841736
RPS10	3.9707151833748e-15	2.2347624209473e-13	0.290628153308706
SLC22A17	5.08720605191552e-15	2.85000217945157e-13	0.185747069613258
TMEM258	5.46576524897342e-15	3.0481000450097e-13	0.365611305099754
PEBP1	6.43023603611878e-15	3.56965785041448e-13	0.189777742985571
MACF1	6.54984298322456e-15	3.61960327394215e-13	-0.30064327449482
RPS15A	6.87332309231532e-15	3.78125652821834e-13	0.291271815610888
TM9SF3	7.76174200287538e-15	4.2508589722474e-13	0.327703740115945
LDHB	8.33874982329733e-15	4.5464799817826e-13	0.230828041518728
IL1RAP	9.59541131474186e-15	5.20838926164188e-13	-0.245082447376057
TCF4	1.07202185046671e-14	5.79318710608406e-13	-0.254587578695378
LAMTOR4	1.11652871205624e-14	6.00712121601009e-13	0.35700807005813
HNRNPU	1.12849335052876e-14	6.04486372368761e-13	-0.287268156674919
RPS2	1.27100240792255e-14	6.77849450129176e-13	0.250372009186997
CHORDC1	1.34031942356881e-14	7.08628619915405e-13	-0.217525802485699
ZNF428	1.33667698985602e-14	7.08628619915405e-13	0.274422339506621
ATP6AP2	1.35036468291199e-14	7.1086223587949e-13	0.296837687123603
SCN1A	1.47318977574167e-14	7.7219170519884e-13	-0.307162282083897
C1QL1	1.60916994973598e-14	8.39862931458356e-13	0.381336889770972
TCEAL7	1.61751195600536e-14	8.40624405050784e-13	0.315294601034798
RPL24	1.6940454889199e-14	8.76668540516049e-13	0.256976520445208
COPS9	1.90389817845702e-14	9.76987750146873e-13	0.386998181821673
RPS26	2.18695142879593e-14	1.11754133053911e-12	0.316722837557333
TRIO	2.4980459338321e-14	1.27119312457881e-12	-0.307822183939691
GSTP1	2.6895854572345e-14	1.36298370079689e-12	0.254796450683113
SPCS1	3.90532615089718e-14	1.97089868929369e-12	0.335400421106589
ATP5MG	4.07265650492453e-14	2.04688699154911e-12	0.359811742666967
ATP5MF	4.28972028147301e-14	2.14714564744384e-12	0.370325552360709
CUTA	4.52268300947728e-14	2.2545113303978e-12	0.354883648401615
RPS9	5.43053281983262e-14	2.6960608670169e-12	0.183485191577618
RPS23	6.68784412732671e-14	3.3068275436049e-12	0.246681937498062
RPL28	7.90289924991811e-14	3.89185921529233e-12	0.195936560859882
BTG2	8.62537667672529e-14	4.23059137963237e-12	0.303680194966229
SOX4	1.01460001624373e-13	4.95652399935388e-12	0.280927874073885
EEF1B2	1.16068823259374e-13	5.64760373891128e-12	0.24762998289813
MGST3	1.310795972429e-13	6.35267905209341e-12	0.303262906207801
CYP51A1	1.58343436729093e-13	7.64366953664986e-12	0.166619311067832
HLA-B	1.67863300539401e-13	8.07131688774686e-12	-0.241120873919549
LUC7L3	1.70919505306235e-13	8.18603889531389e-12	-0.179057382504671
CLU	2.2732391789249e-13	1.08449492547695e-11	0.323062555619526
COL9A2	2.54393719044671e-13	1.20891458781812e-11	-0.270304337367674
NDUFA13	2.56193161862969e-13	1.2127469324932e-11	0.290931281630591
JUNB	2.65394003254e-13	1.2514505643788e-11	0.342098147664186
COL9A1	2.8018880827158e-13	1.31613304439262e-11	-0.303844863710319
COX4I1	2.95894575514372e-13	1.38458254818277e-11	0.301134953635465
COX6B1	2.97285765781868e-13	1.38578284637174e-11	0.284365759472045
RPL21	3.06614529239937e-13	1.42383393369101e-11	0.266019731398314
RPL36AL	3.23335830134606e-13	1.49579564145225e-11	0.358687141846298
TALDO1	3.43733894109831e-13	1.58415926368429e-11	0.356898464750059
SYT11	4.11950399770617e-13	1.88432592973728e-11	0.22711256770876
MIF	4.20568847123736e-13	1.9165698992247e-11	0.358101581359189
YWHAB	4.37252054615268e-13	1.9851893468462e-11	0.248363157259532
HNRNPA2B1	4.71448679118559e-13	2.13251952521295e-11	-0.157666376223716
EIF1	6.07507651881079e-13	2.73781953963971e-11	0.199609035129699
COX8A	6.12661051769304e-13	2.75089317105092e-11	0.323955452870174
DPYSL2	6.25573483229392e-13	2.79858203321632e-11	0.312756891350265
SGCB	6.45714907853329e-13	2.87814458744989e-11	0.311031632886495
COL9A3	7.06597542232255e-13	3.12669412437773e-11	-0.167208189798927
TCERG1	7.11724030356224e-13	3.13800923564641e-11	-0.230355896383338
RPL18A	7.23442056002971e-13	3.17820065826053e-11	0.170591806576638
RPL12	7.2910306359108e-13	3.19158986223579e-11	0.248425070152757
MT-ND5	8.44571164926682e-13	3.68383844187484e-11	-0.241605301185728
JAG1	8.61403055818945e-13	3.74388452694547e-11	-0.200915097133375
RPL23A	8.77893634962587e-13	3.80202658290712e-11	0.227894325226711
COL20A1	9.02956776683672e-13	3.89675304368823e-11	-0.226041777679706
MTRNR2L12	9.46565013102244e-13	4.07056285387948e-11	0.236234028014828
NDUFB4	1.04352840976965e-12	4.47179384860235e-11	0.35274861147036
EMC7	1.04902247053329e-12	4.47961938203604e-11	0.306846494841404
LAMA4	1.11022111596046e-12	4.70803141986981e-11	-0.190695220959581
SMG1	1.27184788834606e-12	5.35623388288636e-11	-0.192040504121874
MPZL1	1.29811138531028e-12	5.44805304082282e-11	0.283874306728988
SEC61G	1.34373098188347e-12	5.62020084991192e-11	0.351791807898302
RPL9	1.43877956394466e-12	5.9972064213161e-11	0.243012901506715
MAGEH1	1.4550708904448e-12	6.04448326020488e-11	0.289624007243364
OLIG2	1.81193331869302e-12	7.50140393938912e-11	0.237140090214137
DNAJA1	2.14931961616313e-12	8.83826278525264e-11	-0.242925744463606
CMTM5	2.21127177325636e-12	9.06250408281204e-11	0.278238209216266
TTYH1	2.24798494933032e-12	9.18215390841847e-11	0.170557022195167
S100A16	2.67194023785366e-12	1.08774687083022e-10	0.312621771385746
RPS3A	2.77711697164385e-12	1.12680829151782e-10	0.231465128891811
MYL6	3.53726691850922e-12	1.43048479721037e-10	0.245362954135076
METRN	4.00849629163635e-12	1.61570182210412e-10	0.200581933120545
JPX	4.28215681779822e-12	1.72032832946611e-10	-0.244043773293517
UQCRQ	4.86001771524835e-12	1.93340053277942e-10	0.326622118856401
REV3L	5.35315073975897e-12	2.11579385063677e-10	-0.275923163307749
RGCC	5.58869635766669e-12	2.20176608439301e-10	0.335642702792285
PCDH10	6.64717483934894e-12	2.61035197147809e-10	0.293304822632303
MEG3	6.90342073000165e-12	2.70229094152276e-10	-0.378477869828636
NDUFAB1	7.0113177245524e-12	2.73575793514244e-10	0.311012188345963
SNHG9	7.23278194171311e-12	2.80425288425848e-10	0.270097993247696
DNAJC8	7.65833694729711e-12	2.95985028915632e-10	0.301456897855373
RPS6	9.24751008031558e-12	3.56277099718909e-10	0.191433839720591
RPS11	1.09447135969975e-11	4.20338953333743e-10	0.207071259492152
LY6H	1.12127682197336e-11	4.29283819020711e-10	0.25124836201557
CCDC14	1.15264532657802e-11	4.39914292921793e-10	-0.210844739792692
CADM4	1.24515059383003e-11	4.73739071727293e-10	0.277722896517932
AFF4	1.24977543081639e-11	4.74021966973931e-10	-0.236770169801505
KLF3-AS1	1.37623117065825e-11	5.20368770503071e-10	-0.200968545427901
PNN	1.39378872247082e-11	5.25380915664695e-10	-0.245761648087261
SCAND1	1.57807307390156e-11	5.93015583124914e-10	0.321301453651555
SLC25A5	1.60124063319711e-11	5.99875823718905e-10	0.151838811568074
SPG7	1.70615213719944e-11	6.37224344086138e-10	-0.246669673722779
ATP1A2	1.82676340300446e-11	6.80190897588217e-10	0.288160215777242
MYO9B	2.15240411953243e-11	7.99006428931597e-10	-0.206468068806393
PCSK7	2.20875099838723e-11	8.17438664948583e-10	-0.191501782089198
ATP6V1F	2.22576287483917e-11	8.21245981583408e-10	0.318907109009324
MIR99AHG	2.59921332330481e-11	9.56150371009688e-10	-0.22482655600263
SFPQ	2.74833962161463e-11	1.00797212608947e-09	-0.209123558178537
RPL5	3.0370661144929e-11	1.11052959450005e-09	0.217873038699308
FNBP4	3.29484157664032e-11	1.20119105001517e-09	-0.235848335516981
RPL26	3.44200281120405e-11	1.25110655753676e-09	0.205362740768761
EWSR1	3.50112131620128e-11	1.26881883189217e-09	-0.185898762281406
EID1	3.71823043681672e-11	1.33955009807795e-09	0.214630742423754
OGA	3.75633002065763e-11	1.34929583947916e-09	-0.212933792043688
LENG8	3.84071372178375e-11	1.37556119308343e-09	-0.212260528603186
ASCL1	4.29611118455909e-11	1.53416391511755e-09	0.345409646179761
SNX3	4.49054784619679e-11	1.59892305672307e-09	0.298344804727397
HSPA5	4.73526587294849e-11	1.68115703797442e-09	0.309420362264125
BASP1	4.81616533900598e-11	1.69999500824509e-09	0.161048483713342
SERF2	4.80541192420689e-11	1.69999500824509e-09	0.282155797539463
HINT1	5.47959536018236e-11	1.92459165919951e-09	0.257535563830109
NDFIP1	5.4839752509738e-11	1.92459165919951e-09	0.185138639662833
PARK7	5.81264294785875e-11	2.03409192900283e-09	0.283207720282172
TUBB2A	5.90760337644958e-11	2.06141600104511e-09	0.154214332807402
SELENOS	6.58229198477706e-11	2.2903000572673e-09	0.263109515295841
PSMA3-AS1	7.66776579417093e-11	2.66040976261959e-09	-0.206158834125759
PAXBP1	7.9026564696772e-11	2.73414004147784e-09	-0.255601490404629
ENHO	9.33768022274712e-11	3.22149967684776e-09	0.333864352054152
COX7A2	9.5173096277888e-11	3.2742226051883e-09	0.293823530234798
OLFM2	9.60564577074567e-11	3.29533010668868e-09	0.196656296459309
BEX5	9.78034735360598e-11	3.3458650484479e-09	0.233804830530579
FTH1	9.87647859367639e-11	3.36931377275335e-09	0.2106053846067
MRPL33	1.01795199645716e-10	3.45340214798092e-09	0.309191976465914
N4BP2L2	1.01704019828592e-10	3.45340214798092e-09	-0.223357235707212
CANX	1.03100661011079e-10	3.47836567107267e-09	0.249669788644465
AASS	1.02846341178141e-10	3.47836567107267e-09	-0.21548952174033
DNER	1.21138991715601e-10	4.07567632458028e-09	0.222858238827833
TRA2A	1.46592363870523e-10	4.90502065739918e-09	-0.249360736705505
BRWD1	1.54508757570533e-10	5.15577993499706e-09	-0.205299795234861
KRTCAP2	1.74841863061781e-10	5.80256433036286e-09	0.272280679224471
RPS5	1.75919344240828e-10	5.82250122280008e-09	0.22256371687314
ATP6V0B	1.92230537518748e-10	6.32806348980181e-09	0.258391890212763
MBOAT2	2.04412776268257e-10	6.71100332409738e-09	-0.216023409001644
LRP6	2.06509958329509e-10	6.76167860878899e-09	-0.20410398341369
PSMA7	2.12256748214946e-10	6.91277777586434e-09	0.284350954017283
NDUFA11	2.28980274580811e-10	7.43759599323256e-09	0.304267779254995
SKP1	2.42054453092729e-10	7.84140858255039e-09	0.190534315986546
TAOK3	2.47442475895896e-10	7.99474856644598e-09	-0.156048150021602
CISD2	2.53927318128595e-10	8.18262357863994e-09	0.182940681583458
MT2A	2.85913397578893e-10	9.18910611745007e-09	0.330182177784816
DDX39B	2.92293956028961e-10	9.36951728341652e-09	-0.188585230998011
RPL23	2.93509195942989e-10	9.38384243469037e-09	0.175316595566743
PTMS	3.00253307225044e-10	9.57439592986804e-09	0.243363859133754
MRFAP1	3.24122374943817e-10	1.02818352342567e-08	0.216803649668815
AHI1	3.23977094816305e-10	1.02818352342567e-08	-0.21483752441295
POMP	3.31156956357019e-10	1.0477771782353e-08	0.29691326151342
PCDHB2	3.65429172552555e-10	1.15025424855267e-08	0.258765459330677
MDM4	3.71307656385629e-10	1.16575331810737e-08	-0.181623295753323
SEC61B	4.03259481304018e-10	1.25959285042608e-08	0.269886614425329
TIMM8B	4.08025421901423e-10	1.27122818308216e-08	0.287443397203572
C1QL2	4.32335779935519e-10	1.34354119092939e-08	0.173537339005562
UBA52	4.53369635067261e-10	1.40177300077885e-08	0.237297489174712
SBDS	5.36548310612632e-10	1.6547637670485e-08	0.30586399956133
DST	5.59280500032599e-10	1.71620420776335e-08	-0.225278453809294
KDELR1	5.64523715975647e-10	1.72795191559162e-08	0.206241754625352
SLIRP	5.82746941423998e-10	1.77927209890282e-08	0.288189724623652
CALM1	7.70155707557921e-10	2.33397311573322e-08	0.202195135706285
TARBP1	7.73782529280647e-10	2.33723792962148e-08	-0.173214879015057
LAPTM4A	7.75635994810083e-10	2.33723792962148e-08	0.194470058314639
COX7B	7.7697420734162e-10	2.33723792962148e-08	0.307287552248536
TIA1	8.00623213863741e-10	2.4024597815523e-08	-0.220167644707496
PPIA	8.65648646368658e-10	2.59121738188736e-08	0.198842825087432
MICU1	8.94128715195625e-10	2.66992518305236e-08	0.269757647838456
GOLGA8A	9.16082832041787e-10	2.72880966529911e-08	-0.251472291967342
UQCRB	9.40081662115756e-10	2.78670323772323e-08	0.27445447920541
GPX4	9.93053064582511e-10	2.936599776694e-08	0.240968606525723
HSPB1	1.01545405762772e-09	2.99558947000177e-08	-0.218019550486015
FIS1	1.08747191455516e-09	3.20031192589449e-08	0.283894827962554
CCDC88A	1.16961929207794e-09	3.43378856109324e-08	-0.229943459531108
MIR9-1HG	1.20322396483633e-09	3.52397464809259e-08	0.179556295773294
CLCN3	1.24500370585176e-09	3.63761489463339e-08	0.260791303508153
ANKRD44	1.27500981375789e-09	3.71639495356209e-08	-0.171068858631968
ADGRB1	1.30842043448021e-09	3.80469970626353e-08	-0.210689522588047
ERLEC1	1.39692656761698e-09	4.05241429223425e-08	0.239500845270772
HCG18	1.41856032924654e-09	4.10542116139526e-08	-0.180178630000056
PTTG1IP	1.51536327842318e-09	4.37520844429841e-08	0.245984822987803
AGO3	1.58484856560349e-09	4.56503668200836e-08	-0.201486817344343
BLOC1S1	1.65603217239209e-09	4.75885198151168e-08	0.301970756904867
CFL1	1.69737714983038e-09	4.86621294152075e-08	0.205229722006783
CSNK1E	1.75661678780259e-09	5.02425312164707e-08	-0.217098552771098
TCEAL9	1.9924430872874e-09	5.68544566005632e-08	0.252242505306461
PABPN1	2.03489563123817e-09	5.7930490313081e-08	-0.171073077532444
ANKRD10	2.23159884565973e-09	6.32355375917455e-08	-0.199429160042589
MAP4K4	2.3000856435366e-09	6.50253378808161e-08	-0.222399261297069
SF1	2.38922149709999e-09	6.73892890163562e-08	-0.173061339424712
AUXG01000058.1	2.50032510102255e-09	7.03605310110332e-08	-0.179707790108567
COMMD6	2.97913681582013e-09	8.36418343255431e-08	0.31583028127536
SCG5	3.0308213255402e-09	8.48977542404186e-08	0.271677324847421
FNIP1	3.1548130204101e-09	8.81687217809348e-08	-0.165567580734222
PRPF38B	3.40903321484356e-09	9.50559877919734e-08	-0.202516111108185
ATP5MPL	3.51827671902203e-09	9.78786186091483e-08	0.285455024322092
PSMB1	3.57679813732317e-09	9.92805355707451e-08	0.260154168919426
SOD1	3.74460619138214e-09	1.0370266534093e-07	0.236511957595887
NES	3.85943412035905e-09	1.06640879891278e-07	-0.202371315628617
ZEB1	3.89076587585471e-09	1.07263935986035e-07	-0.250270227291655
RBM5	4.11655224585078e-09	1.13233001303098e-07	-0.194193393535566
ERH	4.19778164719911e-09	1.1520788147695e-07	0.221612556997707
SUB1	4.35274123054784e-09	1.19192889346818e-07	0.202017127408741
BEX2	4.36563498331568e-09	1.19278523604551e-07	0.259748655708613
STMN1	4.61561595907223e-09	1.2582704845569e-07	0.156131802193123
RAC1	4.74221843098481e-09	1.28990453669527e-07	0.181925970459582
ARID1B	5.1713140566816e-09	1.40349463498339e-07	-0.20487967839763
ARHGAP21	5.28660829008525e-09	1.4316041473794e-07	-0.200569442273852
ZNF638	5.55528773534358e-09	1.501033829906e-07	-0.218685841493881
FOS	5.5733974350187e-09	1.50260271244776e-07	0.342562607459801
MPC2	6.30363768204639e-09	1.69573407512847e-07	0.283415008688424
KMT2E	6.73432665090697e-09	1.80364761814752e-07	-0.214536819525885
ATP5IF1	6.80014411851071e-09	1.81729015578493e-07	0.299746342718228
DYNLRB1	6.82086766101169e-09	1.81884840052262e-07	0.277142334093356
SMIM26	7.31614222612201e-09	1.94200768039943e-07	0.239726121356263
PDIA3	7.46581940367298e-09	1.97359420729563e-07	0.172674020573824
RPL7	7.90711758306633e-09	2.08573708514015e-07	0.229972893621085
GTF3C6	7.92595020373398e-09	2.08619891892679e-07	0.27899669747248
SHPRH	8.12466657764877e-09	2.13390436371665e-07	-0.186277540505827
RPL10A	8.66488565736018e-09	2.27090662088712e-07	0.215899611712467
PSMB6	8.86827373777702e-09	2.31923398628417e-07	0.273123990187442
OSBPL8	9.23744414172608e-09	2.41061763467736e-07	0.261196152106889
TPT1	9.64753326611072e-09	2.5122670315354e-07	0.173330967042659
ARHGEF11	9.71018000430396e-09	2.52320060409711e-07	-0.171874393374016
CBX1	9.93207403167959e-09	2.57538047025271e-07	0.25138867007425
CST3	1.01174040369533e-08	2.61787829456166e-07	0.281632126531058
FBXW11	1.03659743115656e-08	2.67652524877696e-07	0.244636856362021
ZNF292	1.04466015295948e-08	2.69165283715065e-07	-0.21941517099824
ZNF37A	1.04756759016464e-08	2.69346167972226e-07	-0.183569732130304
ARGLU1	1.12719927648492e-08	2.88001773299378e-07	-0.189327509403455
MTLN	1.30944525244493e-08	3.33171976418956e-07	0.185186294263113
ARPC3	1.37485607392695e-08	3.49087676317461e-07	0.268600618291919
SRI	1.39729818133095e-08	3.54049848311097e-07	0.241975521510803
PDIA6	1.45216175768006e-08	3.67189473013387e-07	0.241575005705723
FMC1	1.48017876490781e-08	3.73500480492131e-07	0.236754434427255
C18orf32	1.52897039200195e-08	3.85016812319996e-07	0.197130504542201
TIMP4	1.53375686177449e-08	3.8542741878296e-07	0.205032105339745
SIK3	1.60854863780471e-08	4.0339228980511e-07	-0.18259285840746
ZMAT1	1.67476430895567e-08	4.19137223468763e-07	-0.151586777755489
FAM171B	1.78626834293384e-08	4.45218270862264e-07	0.244505703507528
MARK3	1.80877917948253e-08	4.49828885917787e-07	-0.19115214348459
IER2	1.81213307026571e-08	4.49828885917787e-07	0.261607924331378
KRT10	1.88800127780459e-08	4.65821406178332e-07	0.262105164322104
POGZ	2.06677318987998e-08	5.08901229193632e-07	-0.16027101347346
SRSF5	2.43499363009755e-08	5.98361714373871e-07	-0.180329304991475
GPR37L1	2.45932580209111e-08	6.03127430139331e-07	0.157612712380935
RPSA	2.47060946177493e-08	6.04680427989123e-07	0.196148702480791
RPL29	2.52235785635067e-08	6.15833862809457e-07	0.217568073275739
TXN	2.52626517045392e-08	6.15833862809457e-07	0.26248109156001
AF117829.1	2.59632224982974e-08	6.31651068469534e-07	-0.152794727842393
RPL6	2.7652928013141e-08	6.71421888319067e-07	0.206994789454496
TRIM33	2.82921461968431e-08	6.85579328377073e-07	-0.15325802258397
SMDT1	2.86402880438715e-08	6.92641263128323e-07	0.232869150495843
NSG2	3.0206740042793e-08	7.26210464847699e-07	0.251173838585646
EPC1	3.02026567636748e-08	7.26210464847699e-07	-0.203903496560034
DDX1	3.04025853399356e-08	7.29482858068043e-07	0.223583520147425
FARP2	3.19089791791291e-08	7.62630846799811e-07	-0.186976774268816
C1QBP	3.18882376223923e-08	7.62630846799811e-07	0.253695048373474
CIAO2B	3.42132753012331e-08	8.14516045329358e-07	0.227619175113956
CPLANE1	3.43027108278996e-08	8.15056434515833e-07	-0.180769449210811
CREBZF	3.43974165222069e-08	8.15719704826626e-07	-0.164409139265847
GCSH	3.94007571409819e-08	9.3256094372638e-07	0.268070367459402
PCDH9	3.96296816793272e-08	9.36164994873547e-07	-0.172741472387034
TMEM50A	4.13038339593665e-08	9.73829583292939e-07	0.242064100708619
ASIC4	4.19172530326578e-08	9.86388075699133e-07	-0.153687106618368
SNHG25	4.69320303943403e-08	1.10015525375447e-06	0.159113081726534
DDHD1	5.13305658368056e-08	1.20095823863009e-06	-0.174398864316639
SOX6	5.19962444296836e-08	1.21420675567825e-06	-0.192616983765926
APLP2	5.28707803021681e-08	1.23227259509614e-06	0.234734886842484
ATP5F1C	5.55347830112183e-08	1.29189772364954e-06	0.270178117560717
NDUFS6	5.73574373394127e-08	1.32923412187144e-06	0.245775286813549
CD9	5.72627716955812e-08	1.32923412187144e-06	0.244009076974399
HES5	5.93117381322059e-08	1.36932751948701e-06	0.283577062171022
ROMO1	5.94433566049119e-08	1.36977681927507e-06	0.264246510498
GATAD1	6.10416828294033e-08	1.40395870507628e-06	-0.179526053685786
CHGB	6.25966678127412e-08	1.43701711277633e-06	0.172900324944939
STAG2	6.42002714546603e-08	1.47106550708399e-06	0.173438180139468
PRDX4	6.73836611916096e-08	1.54111732983732e-06	0.192158276796408
GADD45B	7.01369107499408e-08	1.60108802054024e-06	0.177931148047274
AL391807.1	7.15348386899907e-08	1.62995333007622e-06	-0.203570337708297
PTMA	7.2453651956069e-08	1.64781462074389e-06	0.187486813936856
PIAS2	7.88321770278955e-08	1.7862289017471e-06	-0.173062234328879
SF3B6	8.22633803433673e-08	1.85708440690119e-06	0.257256830993914
PRDX5	8.46616464111795e-08	1.90769868564527e-06	0.256322798932174
CASC9	8.64472998321523e-08	1.94077366332734e-06	-0.158561332822997
OAZ1	8.95038104123245e-08	2.00203303400315e-06	0.211210267968715
RWDD1	9.08312799659412e-08	2.02801174081177e-06	0.236158511409408
UPF3A	9.29168329564943e-08	2.07079065857238e-06	-0.197036176338374
UBR3	9.38182239594363e-08	2.08707098217959e-06	-0.157437144059537
STMN4	9.53511682109729e-08	2.11731603156475e-06	0.199574887427622
SNX22	1.07229011890688e-07	2.37674759023771e-06	-0.190714765322767
PRXL2A	1.2097120352523e-07	2.6764878779957e-06	0.191007307185465
ETV1	1.2979050911692e-07	2.86124817300532e-06	0.218608576109411
BICD1	1.31117476190319e-07	2.88529321930155e-06	-0.164364514403143
SELENOT	1.3394250532745e-07	2.94215794525925e-06	0.23670660424946
HSPE1	1.36138358878926e-07	2.98502293893774e-06	-0.164347396646878
AP2S1	1.36934651218595e-07	2.99710196296182e-06	0.198473725435172
SUGP2	1.3839670368882e-07	3.0236832596629e-06	-0.195325015485344
RPL22	1.42823692681241e-07	3.11483171199286e-06	0.238808578572717
UBR5	1.54343643220202e-07	3.34813306331853e-06	-0.163543598572932
DHRS7	1.54273559503144e-07	3.34813306331853e-06	0.232781562548531
NENF	1.58992453941287e-07	3.44286319146265e-06	0.256352751665209
ANKRD36C	1.60071619192356e-07	3.46009678795796e-06	-0.201426818864553
CLSTN1	1.642281233894e-07	3.53742164189548e-06	0.227585014882696
RBM6	1.65393571086067e-07	3.55625296421502e-06	-0.190918552636492
SEPTIN2	1.7260952696624e-07	3.6913096362447e-06	0.166566056362166
OGT	1.74143061328026e-07	3.71170891448373e-06	-0.162177299084693
NLGN3	1.86575552799414e-07	3.95598476795007e-06	0.197812703110539
ATP5MC3	1.87309527283713e-07	3.96466422307798e-06	0.236525191620474
RBM39	1.90003407198278e-07	4.0147259725131e-06	-0.170218159294354
SETD5	2.11594941270996e-07	4.4478640580769e-06	-0.191569652927973
ZFYVE16	2.14351546251323e-07	4.49806775664502e-06	-0.197870612733807
MPC1	2.186322777979e-07	4.57218494648245e-06	0.224253482893132
FAM177A1	2.19801281592868e-07	4.58877444802341e-06	0.222499148890759
MYL12B	2.22672248672108e-07	4.64077845227381e-06	0.260056232773013
PPP1R9A	2.49149732078971e-07	5.15739945403471e-06	-0.191759252665425
SLC25A6	2.53700538421725e-07	5.24271518738498e-06	0.180049864225752
CLTC	2.59584822636507e-07	5.35525243050619e-06	0.217481944569423
MICOS10	2.67386622955012e-07	5.49763102045381e-06	0.227754497776703
RBM3	2.68670091382078e-07	5.51473584209969e-06	-0.180875806368822
EDF1	2.7419134989978e-07	5.61862240994298e-06	0.213827346546539
TOMM20	2.78701096867265e-07	5.69193393986607e-06	0.220817983640953
USP24	2.7967927724315e-07	5.70237564769714e-06	-0.196909485890418
TMEM160	2.85277246914811e-07	5.80681836095097e-06	0.190578330237028
TMSB10	3.09034980992441e-07	6.27994047065004e-06	0.283874082222224
SLC6A1	3.43985469785968e-07	6.96698929103819e-06	-0.175958793876011
RAB14	3.45999336542277e-07	6.98461140031541e-06	0.217127648889581
USP11	3.5765650469414e-07	7.20801797331607e-06	-0.189596435665076
PRRX1	3.68625905141693e-07	7.41685037808155e-06	-0.199195592058147
SCARB2	3.98961005223281e-07	8.00083868110333e-06	0.182911549796359
LUC7L	4.02676532545275e-07	8.06211228192695e-06	-0.17755586333171
DPM3	4.0755163970264e-07	8.14636362633117e-06	0.179022168502195
SEM1	4.12592907400699e-07	8.2336555197463e-06	0.232159600211522
HSPA13	4.19949664009038e-07	8.3667948556972e-06	0.200115326205212
NEDD8	4.24790952413414e-07	8.4494656381515e-06	0.198189300364577
POLR2L	4.32361862442258e-07	8.5860738634265e-06	0.258662384051371
ARF5	4.33699596146281e-07	8.59865773982878e-06	0.21472871803417
RPL14	4.46972343280149e-07	8.83312820142469e-06	0.162697595681704
OSTC	4.50758745147224e-07	8.89356470837325e-06	0.178013337314731
HNRNPM	4.66826978276552e-07	9.19573852530892e-06	0.226236456433756
NASP	5.73597435535378e-07	1.12085527683097e-05	-0.199915206648453
TMEM14B	5.98261621373056e-07	1.16532203856924e-05	0.208202595870818
NDUFB8	6.14726885094985e-07	1.19548717319507e-05	0.193640726967837
TSPAN6	6.28862471851344e-07	1.21909482043182e-05	0.210631544268701
GON4L	6.34570708967364e-07	1.22626773237633e-05	-0.154218297496415
TCEAL3	6.37252093820291e-07	1.22950392129972e-05	0.248475463731614
SMC3	6.76658215732253e-07	1.30142154153354e-05	0.192718345587061
SNRPF	6.88704020308501e-07	1.32250663522448e-05	0.232750571073887
CHRM3	7.00470092382906e-07	1.34298920538029e-05	-0.175793328914002
EIF3K	7.32689501022104e-07	1.40036570829154e-05	0.223436048876005
NACA	7.34314459535991e-07	1.40127851473642e-05	0.180496070373152
NDUFB7	7.39639052359497e-07	1.40704232811005e-05	0.240615939315624
SULF2	7.89271477224913e-07	1.49216293364518e-05	0.20967788462535
AGAP1	8.10575513476507e-07	1.52770968303836e-05	-0.196910532078194
MICOS13	8.79759867558068e-07	1.65300111730564e-05	0.198371326935553
MZT2B	8.85624385745449e-07	1.65932161109309e-05	0.209852053551265
CLASP2	9.65704846480055e-07	1.79515270777183e-05	-0.180988644309458
KANK1	9.8368001656428e-07	1.82578784837379e-05	-0.169170762658859
RHOB	9.87971642194467e-07	1.8309708142824e-05	-0.198221354736796
NDUFB10	1.02588868653583e-06	1.89548843096249e-05	0.229653300183239
SSR2	1.05987906794662e-06	1.94740985811824e-05	0.168747866785505
VDAC1	1.05997912117303e-06	1.94740985811824e-05	0.251736642293889
DYNC1LI2	1.06036809600314e-06	1.94740985811824e-05	-0.184630158267925
ATP6V0E2	1.09327270016791e-06	2.00182001306607e-05	0.193838417077134
PSMA1	1.13402243273526e-06	2.06405603144496e-05	0.161510128170625
SERINC1	1.1603651530249e-06	2.10886006159123e-05	0.180651090492405
CFL2	1.17879408405293e-06	2.13599586773567e-05	0.163687156336043
EVL	1.22974869013393e-06	2.21845210525934e-05	-0.164340016167918
TMEM147	1.24649578817239e-06	2.24204021516191e-05	0.191595694726672
KANSL1	1.26407941949399e-06	2.27032381621766e-05	-0.167566148744984
ADGRB3	1.28819621439998e-06	2.31024087613317e-05	-0.156154733812097
H2AZ1	1.31821106015703e-06	2.35714665852092e-05	0.168708294780035
PHLDA1	1.4079633778214e-06	2.49933964147278e-05	0.170358435511905
SFSWAP	1.41577231108202e-06	2.50955402543464e-05	-0.155640240397506
UBE2G2	1.43733031184512e-06	2.54120345374196e-05	-0.154268348038295
CALM3	1.45200946693718e-06	2.562628846778e-05	0.228803207019215
RAB10	1.48442340825345e-06	2.61605527922069e-05	0.218944828865282
TTC14	1.50673974480279e-06	2.64774280622684e-05	-0.173987397166231
GOLGA4	1.55057772419478e-06	2.72086289448144e-05	-0.181354383167682
NDUFB3	1.56042883141906e-06	2.73422056214074e-05	0.22436076929854
GOLGA8B	1.62830391845553e-06	2.84906529456982e-05	-0.173072063757255
COPZ1	1.64315973768263e-06	2.87094561892961e-05	0.159432144729635
DYNLT1	1.66450949718346e-06	2.90409349844308e-05	0.213777194301696
LINGO1	1.68031502462876e-06	2.92748750296592e-05	0.185085043811335
PPT1	1.68884893793853e-06	2.93542724383092e-05	0.152270338564977
EIF3J	1.70166491576437e-06	2.95205022957817e-05	0.191232946905945
POLR2K	1.84464944826707e-06	3.18272351475676e-05	0.154162185710862
TOP1	1.85491792544593e-06	3.19522039823288e-05	0.200067435146114
VCAN	2.00690373309434e-06	3.44730172887218e-05	-0.180057601330767
KCNJ16	2.0168210781331e-06	3.45461933060863e-05	0.176283657934158
PFDN2	2.12581911043027e-06	3.61596501332659e-05	0.228366482447006
MMGT1	2.22111564773364e-06	3.75713094262755e-05	0.159530243476189
S100A13	2.42853682488935e-06	4.0966464423168e-05	0.166855302429024
CXADR	2.45642072096074e-06	4.13629504830568e-05	0.194577561055216
SPCS3	2.47502295347578e-06	4.15708849364683e-05	0.198555283846967
RAB31	2.47798282434692e-06	4.15708849364683e-05	0.231139004406041
ERGIC2	2.52425896627566e-06	4.22311982946913e-05	0.160619256582529
DDOST	2.63318680201876e-06	4.38329281164451e-05	0.183598906980199
TMEM14C	2.6343543140482e-06	4.38329281164451e-05	0.190632708136925
TANC2	2.63110027894589e-06	4.38329281164451e-05	-0.178062956649107
MT-ND3	2.6590995144171e-06	4.41844658089469e-05	-0.153504664990422
CCNL1	2.67960746185642e-06	4.44647363201799e-05	-0.163291234956364
CBX5	2.8169844142578e-06	4.65545746296759e-05	0.18344386479224
CLTA	2.87719697949908e-06	4.74854144738138e-05	0.215233664889926
UBE2D3	2.97369774757835e-06	4.89457824678899e-05	-0.160431500507958
SLC1A1	3.11608526889758e-06	5.07423325187283e-05	0.166385468123457
MTRNR2L8	3.16312036969152e-06	5.14396658788848e-05	0.16656303977966
ATP5MC1	3.29257855389153e-06	5.3331912305938e-05	0.210642917802049
FUNDC1	3.35655268652064e-06	5.42961297489756e-05	0.151490422783605
SERPINB6	3.44962321695255e-06	5.57278417310073e-05	-0.153031605585533
EIF4G3	3.62250488840889e-06	5.82893968407612e-05	-0.17619485974809
SRP9	3.88249655475403e-06	6.2145387186384e-05	0.215730569849549
RSRP1	3.94298271924097e-06	6.27450783121285e-05	-0.185077122671107
SF3B5	3.94451160000195e-06	6.27450783121285e-05	0.211864618721888
ZNF462	3.99119897191644e-06	6.33045623948254e-05	-0.179601753557324
ERP29	4.24166972309911e-06	6.70161867117845e-05	0.160842467086746
RALGAPA1	5.04976213528006e-06	7.87646806617822e-05	-0.162255535190782
CALCRL	5.09146107265599e-06	7.93137934698312e-05	0.190326861414261
PPA1	5.12309514890846e-06	7.9704918539642e-05	0.210792756856861
BTF3	5.1472085711462e-06	7.99781911951762e-05	0.209654085503251
ATOX1	5.50698683667965e-06	8.4920240197435e-05	0.230732771895589
CCT5	5.67272178171641e-06	8.72556059447135e-05	0.165219385062107
TMEM167A	5.75075431328973e-06	8.81229139626192e-05	0.199241180729116
PCDH15	5.8092520889482e-06	8.87964903158002e-05	-0.182228060290065
RPL31	6.07571222983122e-06	9.2637544897539e-05	0.186424608338582
CHD9	6.12587425887009e-06	9.31697413743219e-05	-0.157749861199684
PJA2	6.18928100022717e-06	9.4017025940018e-05	0.168667210516021
NME1	6.37135254843956e-06	9.64229599431132e-05	0.163090538600294
SAP18	6.38667897509423e-06	9.65352850530022e-05	0.157444677053175
ATP1B3	6.61207353997754e-06	9.95724465397604e-05	0.153120265693098
NAV1	6.9315419053358e-06	0.000103490123826242	-0.173743836547095
CACYBP	7.48965045550646e-06	0.000110829708801696	-0.162415266799943
CREB5	7.5843297383471e-06	0.00011200413433426	-0.172335129294249
SREK1	7.83767922675219e-06	0.000115327200477499	-0.172113604940163
NDUFB9	8.00319327538425e-06	0.000117338534780634	0.200647640730827
GNG3	8.04651873167073e-06	0.000117832294088603	0.232707001110116
TXNL4A	8.22765631761847e-06	0.000120340558810868	0.155731946188
ADGRG1	8.67546233103162e-06	0.000126135025534392	0.195192637411819
LAMTOR5	8.8421855746464e-06	0.000128250590900946	0.182336802926655
POLR2J	8.85247262175531e-06	0.000128250590900946	0.212488850805087
BRD2	9.63290691463446e-06	0.00013862195079183	-0.177702631936102
ATP5F1D	9.98744410443304e-06	0.000142997250700399	0.19340217195879
ELAVL3	1.00204910896469e-05	0.00014330240945885	-0.184183873738853
IFI27L2	1.07046786103261e-05	0.000151315092439714	0.225363784014937
C19orf53	1.0840288700963e-05	0.000153054850757065	0.160563547925544
ATRX	1.12702376067888e-05	0.000158575359322248	-0.187602921022071
JUND	1.13710168497579e-05	0.000159809239109429	0.174351298126268
AZIN1	1.13987820964413e-05	0.00016001531694694	0.150469163441245
NUP42	1.25961288497859e-05	0.00017481422913913	0.170144689792694
CCDC28B	1.28223954434636e-05	0.000177752458060182	0.175474641215572
SOX8	1.29150465338617e-05	0.000178631328786017	0.153843121268227
ATRAID	1.30906515309808e-05	0.000180650991127535	0.17498431471123
ARPP19	1.33369298249718e-05	0.000183841900623455	0.21134640431176
BAZ2B	1.34702618276311e-05	0.000185261607771237	-0.164005449240959
PSMB3	1.36986405838218e-05	0.00018797921061822	0.155206421066576
NDUFS8	1.41044331061461e-05	0.000192681701929935	0.152857297798422
TCEAL8	1.47073668024273e-05	0.000200023464095818	0.176646314750447
RAN	1.52015459609855e-05	0.000206132539873798	0.171533602499339
TBCB	1.5207190569581e-05	0.000206132539873798	0.165087334881311
TBCA	1.54256560161322e-05	0.000208862014329293	0.206545583726683
WDR45B	1.54905299971876e-05	0.000209508131623092	0.169560774332489
DNAJA2	1.62330770444751e-05	0.000218824028635954	0.158136382315354
BCLAF1	1.82715964668793e-05	0.000243880882677593	-0.170297509929953
CEROX1	1.8371227395962e-05	0.000244943013304458	-0.186787472331066
DHX36	1.85116725755006e-05	0.000246546409121689	-0.166745275399885
MIR503HG	1.94480278739962e-05	0.000258172570027299	-0.150390240334956
CHD7	1.95885722969156e-05	0.000259003165325763	-0.175465063741475
SELENOW	1.95954249374441e-05	0.000259003165325763	0.170196515129873
ASH1L	1.99458991797158e-05	0.0002630661627234	-0.169677733537948
TMOD1	2.03798663390648e-05	0.000267633664084945	0.160184057374111
G3BP1	2.05699879175378e-05	0.000269261803254973	-0.158631556308777
DRAP1	2.10268279770817e-05	0.000274653101694223	0.196052195728283
CCDC47	2.18867716416492e-05	0.000284667882917425	0.166252286065743
SH3BGRL	2.23166788043306e-05	0.000289028205978038	0.198167268496491
SNRPE	2.4891452767114e-05	0.00031832388758614	0.189937346280218
CALD1	2.58793777181776e-05	0.000330611757397597	-0.150998241165817
PLEKHH2	3.26012440136599e-05	0.000406699686556515	-0.174639472647679
MRPL57	3.37021718378704e-05	0.000418297382780398	0.163116188638136
NARS1	3.42529341335042e-05	0.000424270876848364	0.173135172480493
MRPL52	3.43326493060991e-05	0.000424827402204041	0.178661167746982
PDCD5	3.50326764537381e-05	0.000432612818533371	0.192559219112526
AURKAIP1	3.81107629874054e-05	0.000464981766598584	0.175198597775053
PPDPF	3.81989759318733e-05	0.000465592907241486	0.172678097176863
BRK1	3.84584872244144e-05	0.000467822215609336	0.180132955792557
ATP6V1G1	3.88889781265643e-05	0.000472588149114159	0.19177781068394
TMEM30A	4.41179800837142e-05	0.00052876633048322	0.173310368773755
MTPN	4.61064376011712e-05	0.000548293984832623	0.207895129801361
CTNND2	4.63528097451438e-05	0.000550152444526182	-0.15140804068727
PSMB2	4.85552475910135e-05	0.000572951921573959	0.176192697100824
MAP4K5	5.33537794072701e-05	0.00062414722979022	-0.155773773340078
GLRX5	5.37424946854249e-05	0.000628092906787651	0.191372400742047
HIF1A	5.49644447887833e-05	0.000639315013528963	0.16675707359164
NDUFA8	5.6810765891394e-05	0.000658907771919844	0.154586838652543
PRELID1	5.70913283909249e-05	0.000661533580302055	0.176265447353747
COPE	5.8241393405866e-05	0.000674220035702219	0.159214885752329
CNN3	6.00005034061292e-05	0.000692614506709883	0.152195289124326
SNRPG	6.17411665966319e-05	0.000708482476308639	0.2027816126009
PKIA	7.38313997045079e-05	0.000828771033631576	0.181228142771179
PSAP	8.04074581283477e-05	0.000890313949339539	0.157473424275028
ASAH1	8.64849054921753e-05	0.000955009177916761	0.178845387340661
CACNG7	8.85873556175194e-05	0.00097594731563913	0.15049395618311
TM9SF2	9.18500091827422e-05	0.00100696962490918	0.154401452538268
UBE3A	9.6080056518373e-05	0.00104490269836054	-0.152639764119253
LINC00511	0.000101387747959201	0.00109289370328836	-0.150492343177924
SET	0.000101878095687192	0.00109624421376888	0.166388755063906
MAP1B	0.000105842372151113	0.0011329122621223	-0.158252809170583
BNIP3	0.000112550851214893	0.00119425156028453	0.177648634609535
AC010642.2	0.000112808990217293	0.00119491430834675	0.159703309705943
NPAS3	0.000117625781701116	0.00123310186430535	-0.15371239413494
THRA	0.000128250254404441	0.00132739013308596	0.159125772938015
NTRK2	0.000129398411960124	0.00133813954722185	0.170584735689825
DCTN3	0.000130843964507747	0.00135080079335005	0.168062577576921
RPL13A	0.000131709403760406	0.00135739273046448	0.180075636226326
NFE2L2	0.000141715649125357	0.00144956832076317	0.175170703599363
C2orf80	0.000145175541819382	0.00147993459587188	0.16805069693167
EIF1B	0.000145291212679144	0.00147993459587188	0.157469007024624
ARID4B	0.000146008289550324	0.00148599936689842	-0.158617081115707
RPS27L	0.000153624312084452	0.00155058985412183	0.160463788245066
SNRPD2	0.000162058853037259	0.00162697224151585	0.166912861805286
EIF1AX	0.000169678745119612	0.00169442887501703	0.185989738734802
PHPT1	0.000173581961377921	0.00172775590408195	0.16543350622615
SNRPD1	0.000177903125179285	0.00176214993334518	0.157027347123342
ATP1A1	0.000201887121658218	0.00196779522490967	0.151724576844445
DDIT3	0.000213516653901788	0.00205815224475338	0.150760795862815
TLE5	0.000238107790278709	0.00226128339243691	0.156573126270482
VPS28	0.000238933019201764	0.00226735739200555	0.165948708540726
PFDN1	0.000239141076807604	0.00226756985330067	0.153288226912272
C4orf3	0.00025397501466132	0.00239520992591405	0.174723960359165
RBX1	0.00025679346791771	0.00241992177753009	0.182938292416109
XRCC5	0.000271683526362998	0.00253869235460696	0.161965631837449
SSBP1	0.000274417273500849	0.00256031945092886	0.158025537249321
RNF7	0.000275434161461629	0.00256393095573999	0.162531501222185
HACD3	0.000280337198520867	0.00260361840725122	0.166179691439327
MAP1LC3B	0.000321951729451542	0.00293213756285734	0.176640364599424
MRPL51	0.000361136371879808	0.00324544408371457	0.151614785133944
PHF6	0.000367422764366782	0.00328742433788389	0.160093129900433
TMEM9B	0.00037245810328027	0.00332362974143534	0.161185371559106
NDUFS4	0.000403011041099192	0.00354098837765787	0.157586131426018
CHMP2A	0.000405102501983139	0.00355680579203457	0.175689805988914
RHOA	0.00041127646081762	0.00359293234332303	0.167004962281873
ARL4A	0.000473358069566113	0.00402865651819578	0.163375659358112
SSB	0.00047618991165786	0.00404711718237818	0.158370992638986
NDUFA5	0.000501726726254142	0.00420116600692933	0.154741149639718
PSMB7	0.000504120754942612	0.00421110253052438	0.15443674761469
GPX1	0.000521530026466035	0.00431826861913877	0.150936939046045
ATXN7L3B	0.000523759265019238	0.00433085436945156	0.166072099203481
NDUFA12	0.000606721295891687	0.00492024381588657	0.154455874706401
HDDC2	0.000638429105251871	0.00513645234679914	0.153769730075919
TSC22D4	0.000692694228193857	0.00546856794371789	0.15968397921505
CCDC85B	0.000826240637734175	0.00629892441238919	0.155956520181699
ARPC5	0.000925853506090936	0.00690742142326732	0.153162543335604
NAA38	0.000983394531370204	0.00723070283661908	0.158049305871799
PTGES3	0.0010766983909807	0.007757945397668	0.15903171021451
TCEA1	0.0012338057820336	0.00870004042492865	0.153045831758376
ZFP36L2	0.00127432363036958	0.00894443361936995	0.173020987622415
BMERB1	0.0013249983717072	0.00924169338301542	0.150420769134548
RSL24D1	0.0021329981340144	0.0135678678180822	0.163359652256194
VBP1	0.00642803838601473	0.0318998914296619	0.15040971882245
