Gene	PVal	FDR	Log2FC
HBD	5.33270439648006e-64	2.17094395980703e-60	1.86985814006097
SLITRK2	3.23630428560295e-39	9.8812460600172e-36	1.36479659560508
FIBIN	6.37234969329043e-23	1.55651013608312e-19	-0.73613523151112
SPARCL1	8.08617501128014e-21	1.64594092354607e-17	-0.896689484607247
LRRC4B	1.95337047651523e-20	3.40807337566865e-17	0.88641169798769
EMC10	2.54414337494306e-16	3.88395287977246e-13	0.604362317737771
MT-CO3	8.04554662144287e-16	1.0917806765298e-12	0.566969372240213
TEK	1.18776179752703e-14	1.45061348331976e-11	-0.505445122123977
LINC00632	3.82573016513455e-14	4.24760386425348e-11	1.10110887577881
CLEC11A	5.50263027570538e-14	5.60030196309915e-11	0.343724871597027
HTRA1	8.56338008442301e-13	8.04496622854294e-10	-0.676297082175372
ARMCX6	3.24336712231346e-12	2.82937447605817e-09	-0.231654618409256
UBB	1.55022541620622e-11	1.26219353387511e-08	0.882980690936699
ALDOA	1.79539862519267e-11	1.37045021309238e-08	-0.219089323271611
EIF1AX	1.98995182287121e-11	1.4296048007486e-08	-0.790691371142957
RPL37A	1.24092715131676e-10	8.41969072168418e-08	0.839448511617551
FABP5	1.86192389693596e-10	1.19682508175152e-07	0.452204307650417
VIM	2.63015825105866e-10	1.60610613600897e-07	0.6653964442181
MTRNR2L12	3.01053822116305e-10	1.75084301405068e-07	-0.418563713344231
FBXO7	3.70383563968404e-10	2.05613384852096e-07	0.573605701813403
MT-ATP6	5.81368740921864e-10	3.0870680142951e-07	0.45708115053443
MT-ND3	6.20696538131825e-10	3.15856950841832e-07	0.460370650388907
HOXB2	1.939305211535e-09	9.47389381939076e-07	0.226119873154751
ESD	2.69206488502884e-09	1.26454570926374e-06	0.475931233177013
MT-CO2	2.8934443599488e-09	1.30880133215017e-06	0.371694951006357
TF	3.4287873838899e-09	1.49556358283741e-06	-0.358622893543408
BEX5	6.28798135963948e-09	2.64810746018196e-06	0.511474172397039
CHL1-AS2	1.03784685704626e-08	4.22507455503531e-06	-0.314401795515034
COMT	1.33894651371978e-08	5.2750173458257e-06	-0.615324251662618
MAP3K13	1.65654697268007e-08	6.32231505541928e-06	-0.393702095046365
CNTNAP2	5.5549961180292e-08	1.71449088176449e-05	-0.168228142802096
COL20A1	5.6152980652239e-08	1.71449088176449e-05	0.488047935773274
CLDN10	6.62954614013093e-08	1.97479626852242e-05	-0.439549175727053
RPL37	6.91072832050402e-08	2.00954107091228e-05	0.728720744409313
FOS	1.1003071544568e-07	3.12512820404207e-05	-0.727523518167332
MT-CO1	1.46745395004067e-07	4.07318524814698e-05	0.339432019533544
C1QL2	1.51909952076137e-07	4.12283609934635e-05	-0.49171021919202
NEU4	1.67521185106561e-07	4.38747081191018e-05	0.772205637091675
HOXB3	1.68845597445164e-07	4.38747081191018e-05	0.199624770148889
RPS19	2.14768489258769e-07	5.46451574857779e-05	0.442338807819646
AC069277.1	3.41819309521414e-07	8.13909451803847e-05	0.235798492171737
PPID	3.92501926233111e-07	9.04457740582071e-05	-0.222036723907586
SLIT2	4.89549300406098e-07	0.000108706647379267	0.292893266154891
TFPI	5.89255234157493e-07	0.000128510253120812	0.229278852735489
SCG5	7.07210551852516e-07	0.0001515291661364	0.687875636783166
IER2	7.47638189946384e-07	0.000157429400238193	-0.798531753695547
SLITRK4	8.33840049434887e-07	0.000169728142062471	0.198798228153347
CRNDE	9.39937402834528e-07	0.000186556226248632	0.26305482355213
MARCKS	9.79299190418994e-07	0.000189844143056939	0.352417915695381
LINC02802	1.25061196259203e-06	0.000234980367679022	0.17769512509338
RPS6	1.31993966271754e-06	0.000244248834860142	0.452285054183338
RPS8	1.39561131578469e-06	0.000250655897054094	0.367614255225649
EEF1D	1.4826629362181e-06	0.000262431339710604	0.193403147287541
RPL39	1.59876800098838e-06	0.00027501061402917	0.64539966347305
OLFM2	1.902058425993e-06	0.000318216980228117	0.469578041826277
RPS27	2.04349613051931e-06	0.000333343934705625	0.440134304516611
SLC22A17	2.04706420231899e-06	0.000333343934705625	-0.381985083004369
C1QL1	2.28726979949656e-06	0.000367558237648046	-0.719849390949601
GRIA4	2.59077159622864e-06	0.000410923292269356	0.534791927917741
PCDH11X	2.72452927878627e-06	0.000426598411305343	0.332447470236843
NLGN3	3.97605931409937e-06	0.000614678638013868	-0.374591735080287
SGTA	4.09402993545605e-06	0.000617288735823763	0.19678537056335
AC006480.2	4.68365155499956e-06	0.000689173933026622	-0.352669242822333
RPS12	4.85291992027423e-06	0.000697278952780108	0.587264010928435
RPL3	4.80715877375131e-06	0.000697278952780108	0.403942520281347
RAB9A	5.12133015623946e-06	0.000727288432536657	-0.378411344312477
BEX3	5.20069230087895e-06	0.000730069598513042	0.401543087792112
AC004852.2	5.50523893601053e-06	0.000764039580971553	-0.261257102675871
BSCL2	5.68085873007355e-06	0.000779554243487509	-0.304714849208585
GABARAP	8.2874930439917e-06	0.00108833497361581	-0.160291059273404
TGFBR3L	8.67407974262983e-06	0.00111512143049198	0.328016408715363
SYT14	1.00170290273274e-05	0.00126121624237887	-0.154013647217529
EMP2	1.06029128025605e-05	0.00132136095977215	0.411289449458796
TRIM56	1.11778623165324e-05	0.0013789417421395	-0.167761477988127
PENK	1.13501909745144e-05	0.00138619882371744	0.164176137897277
UNC50	1.27660033575867e-05	0.00154367523768521	-0.472083503917417
AC131097.2	1.69393185237182e-05	0.00198922978009779	0.620502336835623
ANAPC11	1.97552129709858e-05	0.00221349005518027	0.573377938159819
RPL34	2.19730708740175e-05	0.00235400977705593	0.486313287786979
JUNB	2.49473640098365e-05	0.00262657031596666	-0.638532781432893
NKAIN4	2.62461801105961e-05	0.00271642614989212	-0.392297928369088
MYH14	2.65910896312152e-05	0.00271642614989212	0.16972190426577
RPL21	3.03637681561014e-05	0.00306473306190468	0.607647863515121
RPL38	3.49883935132253e-05	0.00341850599981617	0.555270137747313
SCN9A	3.71299857216006e-05	0.00359636142725397	0.342753767593992
PTPRZ1	3.76921528443878e-05	0.00359636142725397	-0.24277264794027
RPL23A	3.74642612445236e-05	0.00359636142725397	0.721320109896561
NAGLU	3.86503153197333e-05	0.0036591961317822	-0.156945862714777
RPL26	4.02530086700466e-05	0.00378161534528677	0.571834758622402
CPE	4.2641061227411e-05	0.00394526727856342	-0.273630697521851
EPHB1	4.74093600135261e-05	0.00435346251011424	-0.165989210386315
BCAN	4.8754485269038e-05	0.00438656511210857	-0.2936957923123
CHL1	4.88473638947651e-05	0.00438656511210857	-0.39248851866885
LORICRIN	5.18620545157602e-05	0.00455677173957539	0.156573817578363
RHOBTB3	5.33948178900411e-05	0.00460507318545749	0.520165941165375
CNN2	5.35429781654765e-05	0.00460507318545749	0.220721451397848
RPS11	5.39574376561134e-05	0.00460826703562316	0.62557181884393
RPLP2	5.64818522926084e-05	0.00479036709756685	0.508043887911672
HNRNPA1	5.77249699577886e-05	0.00486203488341015	0.393647518495167
SELENOP	6.40636087184884e-05	0.00528036878423728	-0.30685080329494
COX7C	6.44211044666629e-05	0.00528036878423728	0.444535931263507
ZNF280D	7.62911183219142e-05	0.00608982632722574	0.25598969801893
TLE4	7.68627952718282e-05	0.00609340859723637	-0.454764302371217
DNAJC7	7.73338518440708e-05	0.00609340859723637	0.309052860112703
LINC01116	8.10143170271072e-05	0.00626220160665861	-0.199723853830422
TCEAL6	8.27354853910733e-05	0.00628242464364064	0.189654978885334
KIF5A	8.18868564740767e-05	0.00628242464364064	-0.324303206402284
MBIP	8.41691467376855e-05	0.00630648950372609	-0.260922566168899
CD2BP2	8.36795390249354e-05	0.00630648950372609	0.201592182482863
PSMB9	8.67667735963993e-05	0.00646147930446845	0.208917904753691
RPL4	8.84073812933017e-05	0.006465385315779	0.5512291116172
SEZ6L	8.78765561094108e-05	0.006465385315779	-0.41800457600908
ZNF37A	0.000102590631293582	0.00724242416178333	0.155578700838865
MT-CYB	0.00010373621245997	0.00728120898145753	0.279988359884769
ZFPM2	0.000109097107386386	0.00761373127148532	-0.218880694972794
CGRRF1	0.000110336048210174	0.00765644407267534	-0.203336575273894
TMEM229B	0.000119318733641328	0.00814100387688008	-0.202617724152256
RPS2	0.000126119858343596	0.00855723238861295	0.396883005517974
RETREG2	0.000141613106757128	0.00920662326184391	0.157407171108757
BLOC1S6	0.000143589613491958	0.00920662326184391	-0.184784258694141
MAGEH1	0.000148999519128556	0.00947776628706799	-0.542627959442219
RPL41	0.000152110917006887	0.00957593107940779	0.363831329984001
RPS27A	0.000158815750573702	0.00981850940260661	0.301063157186141
PTMS	0.000159179960838132	0.00981850940260661	0.447497495507595
LRP1	0.000164042280762558	0.0100172418747656	-0.303449748880287
SCG2	0.000171946405456547	0.0102012777512403	-0.421194933881659
NDUFA12	0.000168118731859493	0.0102012777512403	-0.441196393115493
UQCR11	0.000172067732478139	0.0102012777512403	0.81798335055278
FBXO2	0.000173096807884048	0.0102127116651588	-0.236459739165948
RPL12	0.000187673696258994	0.0110195137135149	0.724630226697237
HLA-C	0.000189785464400844	0.0110901907977393	0.517352151024557
HARS1	0.000199929597204314	0.0115722282969492	0.254038354949813
RPS14	0.000206526694029085	0.0118727679786635	0.505681927384116
RPS20	0.000208005216908153	0.0118727679786635	0.355603804149323
COX6C	0.000220159268206933	0.0123339685440884	0.398323394396972
SEZ6L2	0.000226129918126068	0.0126007425577873	-0.42801538358049
STK32B	0.000262178952107409	0.014179103833616	0.189615801879781
EDF1	0.000266174757410058	0.0142578610186361	0.453761141060902
RPLP1	0.000300356428963985	0.0156762951578511	0.29890412374815
SELENOM	0.000302788966442188	0.0157360070091849	0.389194995802297
LY6H	0.000320020304603219	0.016491172911895	0.546290725334018
TCEAL7	0.000332220418140473	0.0169766023713372	0.283467763172325
GNG5	0.000384427443307227	0.0187236973874961	0.284872234284384
NBEAL1	0.000383326814515557	0.0187236973874961	0.190821811238206
ZNF703	0.000385891094125242	0.0187236973874961	0.150470750077358
KAT6A	0.000380572999265601	0.0187236973874961	-0.228437645057514
ERCC6	0.000387052105118664	0.0187236973874961	0.177820936515853
ZNF100	0.000387873203884099	0.0187236973874961	-0.19782134862651
MICOS10	0.00039490354141049	0.0188097582697504	0.423963632737194
FAM153CP	0.000398551594385622	0.0188663202412078	-0.170327002857968
ARHGEF6	0.000402373882111467	0.0189737151437349	-0.221144818049372
CDK2AP2	0.000408789439143784	0.0192020977702424	0.160082154843043
LRRC7	0.00042990540033552	0.0199636298642498	-0.365484021321817
MRPL32	0.000429510790506409	0.0199636298642498	-0.154723376949123
RPL13A	0.000440223267611683	0.0202884783673264	0.576109287449054
SLC44A1	0.000442280185435983	0.0203066462583822	0.412756515774619
C6orf120	0.000452305452551969	0.0206891628914502	-0.175983800994666
PDXDC2P-NPIPB14P	0.000471918368702223	0.0212676717231005	-0.237442558844904
RPS21	0.00048038831830519	0.0215697887186077	0.338768779338814
AL118516.1	0.00050584970137579	0.0225472350470895	-0.176848214121296
SEMA3E	0.000508789114710885	0.0225957871198692	0.161211246748345
XIST	0.0005147024216496	0.0227755821579948	0.213233719882378
EPN2	0.000535175422497472	0.0235960196208001	-0.209811156202095
STXBP6	0.000541158326954663	0.0237739807449543	-0.259739264536171
ARL4C	0.000546289827288153	0.0239133966332265	-0.270901270415449
MFGE8	0.000554509742525746	0.0239773020124848	-0.293171963851543
PANTR1	0.000573055954504817	0.0244838773782347	-0.391186253169808
SPOCK2	0.000571982981333682	0.0244838773782347	-0.356540635802325
SYNRG	0.000590671762081425	0.0249004684835837	-0.337306471644565
ARL4A	0.000607051621951549	0.0251319371487941	-0.416902702249914
NDUFB6	0.000625295065804697	0.0256266061700428	0.470064590076595
TMX2	0.00064497299840913	0.0260850411927354	0.185973180329986
MYEF2	0.000676859289922687	0.0272821204878739	0.314140629014592
RPA2	0.000689901617665704	0.0276254703493484	0.230621841842337
NR2F1	0.000695185555716682	0.0276701816746504	-0.434628362088953
CNTFR	0.000760072631469781	0.0296574027097139	-0.254431365482114
CCND1	0.000777574766485505	0.030147684517738	0.390922987570448
HEPN1	0.000800624843578929	0.0307210536904085	-0.303421021812767
MT2A	0.000802424967431452	0.0307210536904085	-0.583207800034708
SOX2	0.000820592029968373	0.0312208425607593	-0.300511455132495
DDX39B	0.000868427043102228	0.0324695402105643	-0.213147038753006
RPS18	0.000879488575982042	0.0327475426172825	0.306593384835156
GNG8	0.00088804492831879	0.0329656313360407	-0.245411405152365
WNT7B	0.000913265576661969	0.0331955728802757	-0.212778358445858
SELENOT	0.000918979550602211	0.0332056131701326	0.202366216310455
BX664615.2	0.000928450838744318	0.0334488793321072	-0.19012600536169
SAP30	0.000938795427779976	0.0337220839984613	-0.20349911936447
MZT2B	0.000962643548198282	0.03377474332836	0.367051910313579
LAMTOR3	0.000961998001929051	0.03377474332836	-0.184779769820249
CCT6A	0.00096107917499029	0.03377474332836	-0.224835905221075
SERP2	0.000964921811561355	0.03377474332836	0.153963061103797
RPL19	0.000978519293751036	0.0340474533748758	0.422332393655884
ULK1	0.000987023923203734	0.0342458044718386	-0.163959722771721
MEF2C	0.00100255223730021	0.034393737286931	0.184790947222264
NRXN3	0.00100036892358409	0.034393737286931	-0.278715281636262
NTM	0.00101614080711664	0.0347622624014441	-0.258928041961931
NUTM2A-AS1	0.00103273438407475	0.0352312431081142	-0.305462092167758
LINC00662	0.00104342965424398	0.0353983510202269	-0.276549597368034
C2orf72	0.00108864642045903	0.0364104879332714	0.185914661750909
EPB41	0.00109730786417332	0.0364169047422521	-0.152425674055062
SUMO1	0.00112618293173148	0.0372507439578806	-0.470989624997068
RNASEK	0.00113365632078196	0.0373189882633694	-0.160454131519044
MACO1	0.00118486403135084	0.0385886517730342	-0.307294184807927
MT1E	0.001194595155056	0.0388021027359012	-0.333860570738973
IGF2R	0.00119874374694001	0.0388335739559107	-0.240884680006989
LINC02283	0.001250252292551	0.0401824506550666	-0.171061614348073
PHB2	0.00133405494833662	0.0420661578169518	0.377853147038403
PTPRS	0.00133986206425892	0.0420661578169518	-0.187574845534198
LRRC4C	0.00135276309220579	0.0422290725800797	-0.301531422750328
SNRPF	0.00135745284886533	0.0422290725800797	0.3290269925455
MIF	0.00137336751877785	0.0425709073777511	0.518832221537257
POU3F3	0.00140963987644269	0.0433784766815706	-0.397183803921867
MTLN	0.00141007575882941	0.0433784766815706	0.260486896621134
RPL11	0.00152943474818482	0.0461209545174843	0.326736800263133
CYB5R3	0.00154496069344542	0.0463602087200219	-0.191110605040535
DUSP6	0.0015856110378682	0.0470025912754473	0.320573732502268
LENG8	0.00159851850590564	0.0471562959242163	0.230500474062597
RPL10	0.00167120582052121	0.0481043282362275	0.285534052987138
