Gene	PVal	FDR	Log2FC
MEG3	6.87340672471271e-85	2.79816387763055e-81	-1.57463751039425
APOD	1.78200521170905e-51	5.44090741265065e-48	0.989848060568386
EDIL3	4.29918277980253e-47	1.05011838579457e-43	0.844333730289329
LUZP2	2.16322746521736e-46	4.40324950544995e-43	0.718798462022348
MARCKS	1.58802104961511e-40	2.77064301127848e-37	0.672579266267776
GPR37L1	9.71132045017302e-40	1.48255445822454e-36	0.874225332467231
SCD5	1.05879743546579e-38	1.43678811992707e-35	0.730636818785244
OLIG1	8.06275864705342e-35	9.84704713564634e-32	0.638260147192515
OLFM2	1.19786521725011e-34	1.32995708166142e-31	0.851799239301683
GPM6A	8.75729795052155e-34	8.9127399891433e-31	0.542618051534407
LY6H	9.86595868505965e-34	9.26868872466411e-31	0.950170117183014
GRIA4	2.29158835031191e-33	1.99908346588281e-30	0.719819324451895
B2M	2.56538050159267e-33	2.08873280439675e-30	0.738147397888228
FIBIN	3.63139531315609e-33	2.77188943497346e-30	-0.545458650043806
PTN	9.34747769622229e-32	6.71533794729193e-29	0.581562536523997
RARRES2	2.74916993199395e-31	1.86531179885789e-28	0.661606570720841
FKBP2	4.36633680485393e-31	2.80663533672005e-28	0.494886912740425
SULF2	5.40550644436572e-31	3.30087251025192e-28	0.693577351471437
MT3	2.85044508494824e-30	1.65773742011776e-27	0.985071695177757
CPE	5.1192110594368e-30	2.8418602122228e-27	0.665462537923264
NDUFA13	1.07512447605015e-29	5.7089109678263e-27	0.703572558469891
ARMCX6	5.08365534420008e-29	2.58694511327982e-26	-0.300193541733787
HSPA5	6.58642693175725e-29	3.21760128470205e-26	0.805017669196011
BCAS1	2.38168393219131e-27	1.11875022553279e-24	0.837089642754099
ACTB	3.58848228206489e-26	1.62319015225402e-23	0.471812644108309
RPS4X	7.96174505233339e-26	3.47274258300528e-23	-0.375328920957999
KLRC2	8.52824084300738e-26	3.5915657039879e-23	0.657982676533605
SCG3	1.61298538102783e-25	6.56646348616431e-23	0.610344583226125
BCAN	1.77494142349707e-25	6.99269664682892e-23	0.487190555747007
SPARC	2.20325497559625e-25	8.40886031779907e-23	0.720781455222323
CTNNB1	3.22593126227021e-25	1.19388783351837e-22	0.359413538109747
PCDH11X	1.4051981232462e-24	5.04755431741349e-22	0.377912013877608
CALR	1.93340898136214e-24	6.74649253982167e-22	0.747710579805269
RPL36A	2.49018876378945e-24	8.44796538115572e-22	0.406175423034544
CHCHD2	2.80698232429644e-24	9.26531760179254e-22	-0.767631824744122
DNAJB1	3.27966893650774e-24	1.05406833477813e-21	-0.893451207351827
SLC44A1	5.90389493953086e-24	1.84882740760232e-21	0.663432792984169
SEMA5A	1.17241085236631e-23	3.57966343498743e-21	0.640753741977991
PTGDS	2.50496738917117e-23	7.46174798145061e-21	0.81537357566719
TMBIM6	3.91391184719342e-23	1.13810965213746e-20	0.545489911111704
GOLIM4	5.64800321714189e-23	1.60416426258032e-20	0.551732509836993
PCSK1N	6.0290743482766e-23	1.67347920489778e-20	0.678006476520628
THY1	6.59263997080319e-23	1.78924248807598e-20	0.709822133153885
SCG5	1.06221963748961e-22	2.82019313753491e-20	0.759483876533544
LRP1	1.09312850255115e-22	2.84050604290579e-20	0.496911986491669
DNER	1.82058127468428e-22	4.63224148077482e-20	0.686821756246819
RAMP1	2.00027077837269e-22	4.98557286046239e-20	0.859577560215712
SDC3	2.56785706719529e-22	6.27224767233123e-20	0.496867708743044
CASK	5.31507007555065e-22	1.27280295750392e-19	-0.554330467738504
CD81	1.51374415898405e-21	3.5552610410908e-19	0.535900951890374
B3GNT7	5.78629294417095e-21	1.33335840994641e-18	0.439927714639099
FAM89A	6.01486294498715e-21	1.36036150272459e-18	0.372664751901275
CTSF	9.43082980725214e-21	2.09415862610855e-18	0.425806370267738
SEC62	1.30423558562846e-20	2.84439807272864e-18	0.516894945842507
MAP3K13	1.71475653024229e-20	3.67409149190334e-18	-0.416372455855725
FBLN2	2.16154224305154e-20	4.55153714041181e-18	0.568032586482943
SPCS2	2.75831955462063e-20	5.70972147806471e-18	0.566389698027721
SAT1	5.94138262396652e-20	1.20936843310838e-17	-0.661673508537898
MIF	8.11216102316981e-20	1.62416102583562e-17	0.719355118829782
GPM6B	9.1013365086636e-20	1.76621953805703e-17	0.416923750306481
RAB31	9.11093350508418e-20	1.76621953805703e-17	0.560334289065987
CLU	1.06056494245302e-19	2.02385619409044e-17	0.700511020725366
RPL17	2.16511073621424e-19	4.06807652636685e-17	0.408233714997832
PPT1	2.54588323064639e-19	4.64072714863946e-17	0.571599013235358
APLP2	2.53895840254427e-19	4.64072714863946e-17	0.586867340044082
HLA-C	2.73595179805393e-19	4.91384989847539e-17	0.717009407107
MALAT1	3.80446207286505e-19	6.73389786897114e-17	-0.579182180907765
PLCG2	6.11093923288267e-19	1.06618429787423e-16	-0.721969822827102
AC092069.1	7.35464075745308e-19	1.26510179677147e-16	0.265196439789298
SCRG1	1.06476763070328e-18	1.78137083202455e-16	0.54064792405119
NCAM1	1.0543335116299e-18	1.78137083202455e-16	0.412435616046092
ITM2C	1.18654363401701e-18	1.95827802733105e-16	0.53530903898492
TNFRSF21	3.1373289743843e-18	5.1088265018874e-16	0.402717853221797
AC069277.1	5.76433857880089e-18	9.26314040301254e-16	0.221444470334798
CYP51A1	6.84357954644354e-18	1.0854628181911e-15	0.35242925057232
CRNDE	1.19087939324906e-17	1.86464231150651e-15	0.263922599912426
EGR2	1.31336852048659e-17	2.03040123300034e-15	-0.231279356874909
ATP6AP2	2.26241632686386e-17	3.45386132499854e-15	0.654439741727978
LINGO1	2.53466872329427e-17	3.82171717501147e-15	0.644144050485854
CD47	4.93066067461131e-17	7.3436779047595e-15	0.492340621957558
NAXE	8.71950778757423e-17	1.28302829650174e-14	0.493943462700489
NR4A1	1.07156280817441e-16	1.55797578288501e-14	-0.501723612203867
NTM	1.20599838300633e-16	1.73280685313603e-14	0.334342377816562
TMEM59L	1.42527898743512e-16	2.02406189227269e-14	0.544641261486289
CD9	1.83972005232695e-16	2.58258632173207e-14	0.727389758321513
ZNF528-AS1	2.77165069664664e-16	3.84661022251652e-14	0.249624988373164
NTRK2	2.84850635030815e-16	3.90885483778803e-14	0.525569230196143
RPS10	3.35772490956141e-16	4.55643270227484e-14	0.563768303208135
CD63	3.6368663432107e-16	4.88099435710244e-14	0.486175712498896
CADM4	4.91605424668117e-16	6.52606201246925e-14	0.613869861375709
HNRNPH1	5.10375793556158e-16	6.70238663086168e-14	0.223129142491251
HSD17B12	7.74073711933421e-16	1.00571938764286e-13	0.537412227159591
ITM2B	8.24069383008416e-16	1.0594062499665e-13	0.389525261706444
TNR	8.35593934172177e-16	1.06303215812967e-13	0.418199573908502
TIMP2	9.30436435082104e-16	1.17148661666575e-13	0.543498203523252
TMSB4X	1.30805340120917e-15	1.63012818254772e-13	0.226438992016798
EGR3	1.35330793627947e-15	1.66948988139204e-13	-0.379443300102701
SARAF	1.3941785115995e-15	1.70271021621647e-13	0.381615836309951
RETREG2	1.44236541890988e-15	1.74411968922241e-13	0.446160483475476
PEMT	1.96074581690175e-15	2.34770477076677e-13	0.195332256332402
PCDHGB6	2.35641851947452e-15	2.79407178430508e-13	-0.763038005475804
PPP1CB	2.89251542168477e-15	3.39675873509963e-13	0.401544675263267
HLA-A	2.97936346213136e-15	3.4654253298105e-13	0.680471923926562
SLITRK2	4.17304634780704e-15	4.8080580231856e-13	0.373570873240314
C1orf56	5.99433722276653e-15	6.84194771043436e-13	0.306382622129612
JUND	9.65155170969196e-15	1.0814165232153e-12	0.577333835440961
DDT	9.60796297946882e-15	1.0814165232153e-12	0.173438073060566
ARC	1.03680964357328e-14	1.15114147063277e-12	-0.512363871407157
GADD45B	1.40515805145518e-14	1.53224957878769e-12	-0.209501051591284
ABHD2	1.8817799774351e-14	2.03382113844379e-12	0.537366065316728
CLSTN1	2.57802203751936e-14	2.76187571440561e-12	0.526677249567241
PRDX1	3.97297326268215e-14	4.1829243497532e-12	0.483996001703537
GFRA1	4.97344645464681e-14	5.19151295304286e-12	0.368030888123081
SYT1	5.41789525659695e-14	5.60752159057784e-12	-0.277456051664872
RPS17	6.10550068412094e-14	6.26609074413185e-12	0.402891505073
RPGR	6.85962620277364e-14	6.98138456787287e-12	-0.281184102241517
MEG8	7.2127979366253e-14	7.28015712396734e-12	-0.270103454822638
RTN3	1.12209211035136e-13	1.11415536127815e-11	0.422642026370574
SYT11	1.15987558637935e-13	1.14238391422992e-11	0.47091733134012
SEZ6L2	1.76585328808181e-13	1.72530929658745e-11	0.32853802231883
SELENOM	2.20919278870562e-13	2.14133901019537e-11	0.436065857292291
AL627171.2	2.44388491571985e-13	2.35017058863673e-11	-0.655423761944961
NDUFC2	2.59516474969215e-13	2.47615211624923e-11	0.598234742364214
SEC11C	2.8020687045317e-13	2.65284225491827e-11	0.569835666715305
PPIB	3.16453693497675e-13	2.97296073745162e-11	0.393802001668951
MARCKSL1	3.58550815688166e-13	3.34273367328211e-11	0.36988650273939
PCDH9-AS1	3.61774503364957e-13	3.34723637090623e-11	0.286044164697596
CPNE8	4.13160853635902e-13	3.79393496650772e-11	-0.297389366244227
TM9SF3	4.4948263697702e-13	4.09666525776145e-11	0.50409560491643
COX16	5.01505577309635e-13	4.5369537893945e-11	0.309554889789394
CNTN1	6.01969846216322e-13	5.40577774399995e-11	0.422121808873447
GPRC5B	6.26456853676112e-13	5.58461135324551e-11	0.357117163960396
MXRA7	7.43887554894662e-13	6.58340486081776e-11	0.338221078943122
RPLP1	7.52586918784935e-13	6.61247772598591e-11	0.259557221453632
ARL6IP1	7.94182482034161e-13	6.92810760934514e-11	0.61164010056219
PLS3	8.34249099637415e-13	7.22601720132748e-11	-0.251457915579723
SCN9A	8.74928295738062e-13	7.52499949003447e-11	0.331266348238086
FOXG1	9.51101193564814e-13	8.12293627762733e-11	-0.38593566234552
MTRNR2L12	9.71740028730929e-13	8.24157011867419e-11	0.431922662543607
ALDOA	1.09528763618463e-12	9.22534337980887e-11	0.183967950079347
TCEAL6	1.12628490307873e-12	9.41552432362477e-11	0.194990175063299
IER2	1.13328590483324e-12	9.41552432362477e-11	-0.802207867708269
RPS8	1.15819261770063e-12	9.55743678376879e-11	0.197113920100598
TAOK3	1.3930832045802e-12	1.14186075017033e-10	-0.299584573414962
MGST3	1.45699530970154e-12	1.18628558115899e-10	0.542115917972166
PDIA6	1.49375491054325e-12	1.20021241595162e-10	0.541138548518009
PSAP	1.48458020354077e-12	1.20021241595162e-10	0.460878824688505
AK5	1.68043499915327e-12	1.33267224965317e-10	0.179409643339821
H3-3B	1.74381676396712e-12	1.37401510569874e-10	0.155604620448347
MT-ATP6	2.04196717744321e-12	1.59862468834063e-10	-0.387845829527631
RBMX2	2.13713792219582e-12	1.66247550597309e-10	-0.360901793022328
BMP7	2.24262717238069e-12	1.73349402887882e-10	0.398174584984349
EEF1A1	2.88799465505787e-12	2.20444242013886e-10	0.287429796424779
NEU4	3.04971891630144e-12	2.31342963508009e-10	0.642644512123046
COL20A1	3.27710841767616e-12	2.47057562377031e-10	0.20979273315976
BCAP31	4.20445428824326e-12	3.15024541241196e-10	0.368469336278641
HSP90B1	4.47841219963862e-12	3.33505171915771e-10	0.494720548944854
MLEC	4.5798104131817e-12	3.38989239855686e-10	0.383747211172053
APP	4.65083585867868e-12	3.42172640614715e-10	0.425415080801786
TMEM50A	5.60783844392936e-12	4.10110963567122e-10	0.541139423260133
PLP1	5.79541309344352e-12	4.18812900060507e-10	0.324623873482411
YWHAE	5.78937003088422e-12	4.18812900060507e-10	0.349393799641861
INTS6	5.90296824633507e-12	4.24076183485236e-10	-0.443155092882919
GLTP	6.80771493355903e-12	4.86214166570505e-10	0.397766084888752
PAXBP1	6.88837262337806e-12	4.89114504937885e-10	-0.509998454596271
DDR1	7.47235806469751e-12	5.27513925110698e-10	0.463176369035368
JUNB	7.51631691803382e-12	5.27567692643374e-10	-0.698879006030374
SERPINE2	9.75432991156885e-12	6.80204202634073e-10	0.357387350019304
NRXN2	9.80233682662711e-12	6.80204202634073e-10	0.443246358342739
HSPA1B	1.00118554548323e-11	6.90818026383429e-10	-0.677147342633684
IGSF21	1.03635786543441e-11	7.11069584862382e-10	0.493364079070247
THSD4	1.05971658865297e-11	7.23034564090431e-10	-0.272057125525545
NKAIN4	1.06637236953456e-11	7.23533652729199e-10	0.480008025306783
PDGFRA	1.12544600619875e-11	7.59396247166041e-10	0.340599982350512
ITGB8	1.32012657425691e-11	8.85862958868116e-10	0.324177957323485
DHRS7	1.50776886442394e-11	1.00625033558523e-09	0.554643887792351
ALCAM	1.56162885425895e-11	1.03653115201438e-09	0.332729456034782
TMEM106B	1.66351487721766e-11	1.09818957813293e-09	0.424162047170457
PGRMC1	1.70325285321491e-11	1.11837780087708e-09	0.406850210067248
GOLM1	1.81284971349756e-11	1.18397505620031e-09	0.489679827690103
VWC2	1.89251788629026e-11	1.22943196517356e-09	0.243627619494443
ATP1B3	1.97260633005812e-11	1.27203745602627e-09	0.443246488122025
FADS2	1.97893324035857e-11	1.27203745602627e-09	0.209352817213288
PFN2	2.08759794325888e-11	1.33486040214768e-09	0.372757398895789
COX6C	2.18407787381719e-11	1.38927828504841e-09	0.514585751787941
PFDN5	2.21429023279896e-11	1.40119827011263e-09	0.162613293499173
NSG2	2.24238766641728e-11	1.41166394690486e-09	0.465735220028032
SET	2.3212626366413e-11	1.45382464519488e-09	0.443441404184565
TSPAN7	2.47524353772621e-11	1.54235455746175e-09	0.454679213169762
LETM1	2.82555382549707e-11	1.75003185681989e-09	0.241975306717623
PEBP1	2.83719239867631e-11	1.75003185681989e-09	0.488180102409885
PLPP4	3.07567810943568e-11	1.88760084173558e-09	0.259696234587889
ZNF37A	3.13159711374986e-11	1.91230977751135e-09	-0.346331832878319
HSPH1	3.62386724818922e-11	2.20190501005646e-09	-0.471811602328141
CSPG4	3.67109949652644e-11	2.2195612946078e-09	0.411108816873832
BEX5	4.25246292077382e-11	2.54584949271621e-09	0.265417275870731
FXYD6	4.51389813836797e-11	2.68918233970185e-09	0.504339927370691
DPYSL2	5.11298764256465e-11	3.0313067028467e-09	0.426588124822033
TMCO1	6.20380328352999e-11	3.66024393728269e-09	0.454988110602188
ATP6V1A	7.29632806320396e-11	4.28413724211106e-09	0.184973336950295
MZT2B	7.77875215518533e-11	4.54554545795591e-09	0.449545835683468
PLEKHB1	8.01604991867241e-11	4.6619056027022e-09	0.28353481989313
STK32B	8.08466469189157e-11	4.67952653469534e-09	0.188498634163602
NCALD	8.47259452257744e-11	4.88093381623765e-09	0.324665056470294
RAP2A	9.05394986647404e-11	5.1913563248473e-09	0.166110001558304
TMX2	9.5786872802514e-11	5.46656578288366e-09	0.253550629780603
UGT8	9.82272488626201e-11	5.57976460632177e-09	0.395098010704596
REEP3	1.17030690516491e-10	6.61711029295328e-09	0.328904643166452
PRKACB	1.18661814173291e-10	6.67841814054564e-09	0.235075333551443
RPS21	1.30683130736249e-10	7.28782226338723e-09	0.530564573106536
CTSD	1.34450193506367e-10	7.46381915133298e-09	0.391154577389332
CHAD	1.409884177228e-10	7.79136445994824e-09	0.322787033040844
LRRC7	1.4358202973504e-10	7.89895193312633e-09	-0.411960514988622
ARL4C	1.73408838593297e-10	9.49704998089657e-09	-0.298822681174927
PET100	1.89603257524762e-10	1.03376097506693e-08	0.43403564848821
ARL6IP5	2.55187944423446e-10	1.37420999409413e-08	0.522513436931351
PTPRA	2.55421001113049e-10	1.37420999409413e-08	0.392873438517218
TMEM14C	2.62763353118095e-10	1.4013663020224e-08	0.166444225224666
COL6A1	2.81461604264344e-10	1.4880911570911e-08	0.31010511625616
CNN3	2.85697674122725e-10	1.5039765922676e-08	0.347093872903606
FXR1	3.03763419470429e-10	1.58541138546682e-08	0.243345861528971
OMG	3.05117412355935e-10	1.58570168387363e-08	0.469675755300743
TMEM59	3.26282871021324e-10	1.68851385753535e-08	0.458299620228261
RPS27	3.35171417096696e-10	1.72719346708943e-08	0.248303215186996
PLEKHH2	3.43184643689286e-10	1.76105632494842e-08	0.22021485534291
SELENOT	3.61428308501689e-10	1.846913778967e-08	0.504866513021558
KRTCAP2	3.8531537093589e-10	1.96077359385001e-08	0.436967944191372
CD59	4.15101143350835e-10	2.10358102230031e-08	0.353729391041189
DIAPH1	4.26621760161689e-10	2.15302956894823e-08	-0.399583637654987
PHKG1	4.3721603784798e-10	2.19741541985077e-08	0.178708517896203
SCN7A	5.176532935296e-10	2.59102445650697e-08	0.171447491919568
CDK6	5.24012778567613e-10	2.61215023046786e-08	0.203645373653951
PLPPR1	5.81281466979082e-10	2.88584981959981e-08	0.397884631761264
CHMP4B	6.14367561730162e-10	3.03776155117833e-08	0.185284817870466
CBX6	6.52057828523643e-10	3.21112187893518e-08	0.299876193172327
ASAH1	7.07591639255185e-10	3.47060911253959e-08	0.402106824462229
RIN2	7.4644953712251e-10	3.64655527875088e-08	0.308328120959492
TMEM33	7.5455263035021e-10	3.67145469102275e-08	0.338211278694244
DSTN	7.68031866577864e-10	3.72221158195058e-08	0.476646241650204
GPR17	7.74726376174299e-10	3.73981550680503e-08	0.36144565060857
DOCK9	9.07273148113437e-10	4.36241218815331e-08	0.239102133439741
FBXO7	9.15068019175718e-10	4.38263753654629e-08	0.300180851110035
SLIT2	9.76944914570172e-10	4.66071415689278e-08	0.23867770712402
EMC7	1.14358984665446e-09	5.43449914287584e-08	0.527771236562995
SUMF2	1.19108198914238e-09	5.63824974162631e-08	0.223219812727525
NFIX	1.24984911541593e-09	5.89359353149604e-08	0.368586117300148
AFAP1L2	1.33930954865083e-09	6.29114904525869e-08	0.237436549896997
AIG1	1.36000570753687e-09	6.36388877630185e-08	0.379582369205229
HEY1	1.40124611014328e-09	6.53183921495417e-08	-0.43784318290834
GRID2	1.54686109535339e-09	7.15599036270869e-08	0.388292159613121
LUC7L3	1.56105042307762e-09	7.19438068567811e-08	-0.228869142661495
CAMK2N1	1.76995993369579e-09	8.09607515738825e-08	-0.325160088710176
SPARCL1	1.84711259490814e-09	8.38616584446586e-08	0.641439772065557
PID1	1.87571918755607e-09	8.48450312504531e-08	0.257310332448373
GATM	2.08043124268963e-09	9.34128925256191e-08	0.38048436518015
THUMPD3-AS1	2.11034708514438e-09	9.44090437760744e-08	-0.417007339192137
CAT	2.24218952283545e-09	9.99410972349974e-08	0.276551387220028
ATP6V0E2	2.28512463875815e-09	1.01484462593285e-07	0.504252128781337
PDIA3	2.33991603448894e-09	1.03541284526136e-07	0.471601985841126
MID1	2.54579302936676e-09	1.12244658005979e-07	-0.228249570214093
SELENOH	2.6295515802429e-09	1.15520551976642e-07	0.256602809512607
COL11A1	2.76276522422519e-09	1.20505898869508e-07	0.298326095437418
RCN1	2.90747784729596e-09	1.25473593459454e-07	0.313044578480281
RPL3	2.89970132668188e-09	1.25473593459454e-07	0.244240103680044
SNX3	2.99756085365209e-09	1.28453370897028e-07	0.331105345286404
SUSD5	3.0096761524304e-09	1.2852159038333e-07	0.211727585306133
RPL13	3.04833336738747e-09	1.29718799358548e-07	0.348137976718665
APLP1	3.14388456972639e-09	1.3332035503496e-07	0.299430181101624
MIR503HG	3.54760485098303e-09	1.49920062439639e-07	-0.358941480931295
TIMP3	3.69698347528318e-09	1.55693997184943e-07	0.304336760070553
ANGPTL2	3.7299245256644e-09	1.5654147158742e-07	0.320971171693292
PCDHGC3	3.86742502050112e-09	1.61204306400615e-07	0.310821388236544
TGFBR3L	3.96049096547363e-09	1.64522027759624e-07	0.23474999391643
CA10	4.13133643642659e-09	1.71037328468061e-07	0.355601197663423
GNG5	4.16307266426943e-09	1.71768940705144e-07	0.201856514432653
NDUFB6	4.38615553205328e-09	1.80364032030191e-07	0.441836797949244
GDE1	4.66280954487437e-09	1.91096956280371e-07	0.17120035196313
FTH1	5.17312057279886e-09	2.11302078781246e-07	0.344139814381816
TSC22D1	5.55691831560214e-09	2.26222144628163e-07	0.371282253460745
DLL3	5.80717973257234e-09	2.35624870677429e-07	0.404177715091972
PPP1R10	6.02140732665623e-09	2.43508104902161e-07	-0.431072774787954
IQCK	6.11777551251691e-09	2.46588753578776e-07	0.240041915191798
HES1	6.33861547444129e-09	2.53814789473283e-07	-0.542635956943446
PFKL	6.60507771792614e-09	2.63620307741934e-07	0.174204906565022
PLEKHO1	6.63321373511251e-09	2.6388090992485e-07	-0.311193208517266
NDUFA4	6.89597981773796e-09	2.734435114092e-07	0.292128028435641
MIR9-1HG	7.54880689073358e-09	2.98361095652198e-07	-0.312272249958013
DAD1	7.81847810647007e-09	3.08022816497803e-07	0.51224064300454
CD151	8.62022451018408e-09	3.3851704804784e-07	0.295247081798777
SOX21	9.30491347062081e-09	3.6306999430253e-07	0.162444592170235
ASTN2	9.41623566519585e-09	3.66243586557442e-07	0.287183426653069
WSB1	9.46865236661755e-09	3.671131789e-07	-0.260012577075458
SLC22A17	9.79542319782139e-09	3.78580707325926e-07	0.366315165356877
RAB2A	1.00654618476764e-08	3.87790175222941e-07	0.399578866109425
TXNIP	1.0237857265949e-08	3.93191669147911e-07	0.214542082269345
AL157778.1	1.02885246746292e-08	3.93898908624599e-07	-0.196975192707756
EEF1A2	1.05875519634812e-08	4.04080537906237e-07	0.319269490932073
HIP1	1.09094666130326e-08	4.15069519454725e-07	0.276440149466733
FRMD4B	1.10058475732548e-08	4.17436075814162e-07	0.212547331724718
SERTAD1	1.11933217051253e-08	4.23232315742089e-07	-0.244299194989464
CERS4	1.14127503156613e-08	4.3019728273201e-07	0.22416544629176
CKS2	1.16652794337872e-08	4.38363254537979e-07	-0.166025230143621
TMED9	1.28097320813091e-08	4.78425865165223e-07	0.419357404338066
SEZ6L	1.3631830344909e-08	5.06035088153112e-07	0.247925193980606
BEX2	1.40376674544717e-08	5.1952131097413e-07	0.390737623637907
CDC42	1.57261953881188e-08	5.7850609721414e-07	0.342705257611819
COX7C	2.06236571457946e-08	7.52531307531748e-07	0.415283317492545
ATP6V0E1	2.22073971596921e-08	8.07199230688449e-07	0.518456199499522
SRP14	2.30067160581842e-08	8.33771582251048e-07	0.240862496041176
CANX	2.52850071200624e-08	9.09432882165271e-07	0.445308871054277
CNN2	2.60267163677043e-08	9.32153334307251e-07	0.188644139613135
TLE5	2.66476602987542e-08	9.51601974352881e-07	0.318731363077947
PCYOX1	2.68933656345167e-08	9.57576310479162e-07	0.198036093290508
REV3L	2.81117597421995e-08	9.97197201088873e-07	-0.423018209773866
TMEM147	2.81694124601377e-08	9.97197201088873e-07	0.398293760306285
TMEM179B	3.23245166445219e-08	1.14098069878481e-06	0.183743433168277
MPZL1	3.24959186474861e-08	1.14372522893875e-06	0.391108696592789
INSR	3.57148092991296e-08	1.25340507462721e-06	0.254194076167119
SSR1	4.14163758113666e-08	1.44107748656473e-06	0.267651898392615
PCBP2	4.36638013905104e-08	1.51066857332097e-06	0.279023664806174
SAR1A	4.40903111425388e-08	1.52111573441759e-06	0.281926782345297
RPL21	4.45550176916957e-08	1.53281811568642e-06	0.421525710852185
MAMLD1	4.58339734307818e-08	1.56730415016304e-06	-0.234049524609641
BSG	4.57277170845534e-08	1.56730415016304e-06	0.498180442313847
SELENON	4.86652645679361e-08	1.64639577885929e-06	0.349463119281954
KLRC3	5.13096799564528e-08	1.72708501327204e-06	0.21206366264301
IFNAR1	5.13331580952879e-08	1.72708501327204e-06	0.35989056463024
LAPTM4B	5.17018261335528e-08	1.7347098971678e-06	0.367636673293435
TMEM9	5.99615762534629e-08	1.9899748119118e-06	0.313068220505363
TIAL1	6.23173400698305e-08	2.0569774980347e-06	0.33491296404076
GPC6	6.40116721946418e-08	2.10720903642361e-06	0.158571712220644
LINC00320	6.51034086796935e-08	2.13738690915349e-06	0.167018477387909
LRRK2	6.59854668344921e-08	2.16053755080336e-06	0.214408937876958
ST13	6.95313262984071e-08	2.2705510376536e-06	0.300986707243974
DPP6	7.3008553954834e-08	2.37774258520103e-06	0.297060516129483
PHACTR3	7.58561579437574e-08	2.46391291746572e-06	0.230252762794568
ATP5ME	7.67033860959529e-08	2.48482348644529e-06	0.308852882773452
DDOST	8.6611116040719e-08	2.77918047152174e-06	0.362909858478069
PTPRN2	8.67000540121003e-08	2.77918047152174e-06	0.207596086489459
TSPAN3	8.66059701390521e-08	2.77918047152174e-06	0.378896424110775
TMEM130	9.19489998492411e-08	2.93204473931797e-06	0.202113129898287
CHD9	9.7247022039526e-08	3.07688569991899e-06	-0.285249684660634
COX6A1	9.94071872241767e-08	3.1336746990926e-06	0.482878466816268
TTLL6	1.07909125002206e-07	3.38790268290987e-06	-0.154180734683714
NES	1.09575681753182e-07	3.43140461859386e-06	-0.292001365941284
CACNG2	1.10481520492546e-07	3.45092278714953e-06	0.171734759438102
ARMCX3	1.11612865457788e-07	3.47736715774479e-06	0.287950974272825
ATCAY	1.1621537176059e-07	3.61154792700275e-06	0.377188909036487
CSPG5	1.27154337366783e-07	3.89206998060282e-06	0.248355926041885
CDH2	1.26994580173514e-07	3.89206998060282e-06	0.359647270703639
PLEKHB2	1.28999362148972e-07	3.93867302481349e-06	0.213759256875828
SETD5	1.3112217810759e-07	3.99350414271319e-06	-0.234672744416577
NLGN4X	1.42076438036109e-07	4.30565642117866e-06	0.339597100110891
LRPAP1	1.72386009154758e-07	5.14755581859915e-06	0.401809228228032
ACTG1	1.73369932420995e-07	5.1643097186771e-06	0.229069009922209
ANO3	1.86249320813731e-07	5.50765848692033e-06	0.150001231714902
SCN1A	1.94257183240854e-07	5.7305869056052e-06	-0.380177632618916
GPR82	1.96818853521016e-07	5.79216544108956e-06	-0.217336519952752
PRMT2	2.00738520287016e-07	5.87918356898159e-06	0.212164721302347
HSPD1	2.0342053477865e-07	5.94348084031495e-06	-0.477269746949487
PGP	2.07281601919453e-07	6.0418381962823e-06	-0.296560524676192
LRRC4B	2.19077218280845e-07	6.35532082390488e-06	0.35797289069862
ENO1	2.28580189281835e-07	6.59964503947766e-06	0.250692837457125
SLC18B1	2.32209707274366e-07	6.67288742339255e-06	0.25048323825417
RPL18A	2.3726018465861e-07	6.78608579680471e-06	0.24649891243039
PCMT1	2.47673460963021e-07	7.05089971734587e-06	0.371605551634441
EFCAB14	2.56065671041428e-07	7.27286055913713e-06	0.166946031369439
NDFIP1	2.58589184102986e-07	7.32749351612474e-06	0.342367477483177
HSPA1A	2.72218126981968e-07	7.67806001115653e-06	-0.267076623179031
KTN1	2.71971973809869e-07	7.67806001115653e-06	0.294591388878678
UBE2V1	2.73559869423947e-07	7.69812600293701e-06	0.15600677152141
NDUFA3	2.74197693878699e-07	7.69833663296677e-06	0.501656438183428
ATP1A3	2.82671202357657e-07	7.88187989587686e-06	0.236923929318627
KCNJ16	2.96531405092874e-07	8.21210442267409e-06	0.307503429521654
PRDX5	3.04997796321904e-07	8.40843811846369e-06	0.494737338172713
SPCS1	3.0758285112725e-07	8.46060666850699e-06	0.43254821775838
PRDX2	3.51495592420789e-07	9.58217783534619e-06	0.361655426472349
NDUFS8	3.63543205465793e-07	9.88853712328225e-06	0.381292092514757
CCDC50	3.94866594276859e-07	1.06457079821264e-05	0.178611666137257
RPLP0	4.06543526206141e-07	1.09123430451771e-05	0.452440788196944
XIST	4.38594495014878e-07	1.16700535242194e-05	0.176025238848642
OSBPL8	4.40490346841597e-07	1.16950187086444e-05	0.364900000386399
FAM199X	4.43927368696825e-07	1.17257548608845e-05	-0.362255620451737
UQCR11	4.44528330515804e-07	1.17257548608845e-05	0.420468973719974
DPP7	4.48028551581812e-07	1.17926135785963e-05	0.286002095970359
ZNF506	4.57444444982397e-07	1.19650287569395e-05	0.275423785641011
PABPC1	4.69640753834401e-07	1.22296855577389e-05	0.239487001770738
C14orf132	4.70936590700858e-07	1.22373374089991e-05	-0.158931252968241
MAGED1	4.79675127957375e-07	1.24129025715351e-05	0.29752458092166
CPT1A	4.83199315841482e-07	1.2476349353852e-05	0.181466563634422
KDSR	4.89926409929044e-07	1.25967815672914e-05	0.216253193577203
TTYH3	4.92644667006583e-07	1.2640061592755e-05	0.189876828641183
RPL30	4.94589692462765e-07	1.26418941188771e-05	0.208443173904224
PMP2	5.00811526311118e-07	1.27691256176152e-05	-0.452121632266846
SLC12A2	5.28257561723534e-07	1.33573697750093e-05	0.265791440701947
BCHE	5.35561851668348e-07	1.34862204008774e-05	0.3176338918931
HNRNPA1	5.47082189157723e-07	1.37197428669061e-05	0.29018762314998
CADM2	5.60929691178344e-07	1.40381850786088e-05	0.259156949515349
CEND1	5.74599755148848e-07	1.43216057339447e-05	0.166725944887996
CCDC47	5.80236383656143e-07	1.44326414533452e-05	0.40770092495555
NT5E	5.89633963004711e-07	1.45773271056205e-05	0.301768262987414
GNAI1	6.08444230108314e-07	1.49817124643404e-05	0.281543010076108
CLDND1	6.2629065506946e-07	1.53527683389035e-05	0.195340053560824
ARGLU1	6.32064097345897e-07	1.54387976417709e-05	-0.244171745660813
TSPO	6.46395458063516e-07	1.57259516520512e-05	0.230226557398908
AP1S2	6.51812302876145e-07	1.58262100497542e-05	-0.333886348896055
CALU	6.5649093642482e-07	1.5876680805062e-05	0.27887326372988
CADM1	6.5814246229843e-07	1.58851657945666e-05	0.15460403939653
TCIM	6.60031103618869e-07	1.58993291291859e-05	-0.189624250598778
RPL15	6.61813842894537e-07	1.59108906757303e-05	0.211717942881809
GNG12	6.77360655964463e-07	1.62207954731255e-05	0.155818416955747
GAP43	6.79512032056858e-07	1.62404705430732e-05	0.203229145094428
IGFBP2	6.97901781870583e-07	1.66474110585653e-05	-0.335968382068271
CCDC124	7.4146692192837e-07	1.75835641116722e-05	0.160309246832519
DDX17	7.87954431689768e-07	1.85777750467705e-05	-0.168910563276117
RNF187	8.10707043465904e-07	1.90773894447959e-05	0.226008397701361
APCDD1	8.13773007244566e-07	1.91127110336113e-05	0.181864201232001
NUCB1	8.8843934511486e-07	2.0826314245466e-05	0.293689148663465
SRP9	9.06991950736256e-07	2.12140943106178e-05	0.416922340026901
YIF1A	9.39219287281746e-07	2.18489241058514e-05	0.294413404281948
CTSL	9.92480021824227e-07	2.29567395957183e-05	0.194942774809278
PIK3R1	1.01117015771556e-06	2.33448414672593e-05	0.1520592397804
SERBP1	1.07417734377152e-06	2.46596389087999e-05	0.282525946036967
GCSH	1.10523853184635e-06	2.53250997925694e-05	0.435691987319654
AP2B1	1.11026279492681e-06	2.53925833603767e-05	0.368770729312049
PTMS	1.13794035491272e-06	2.59769449617738e-05	0.346261422188764
RGS11	1.14613786456968e-06	2.60666326629226e-05	0.193149899836006
PHF6	1.2588220082905e-06	2.83283270913059e-05	-0.405968409352667
NRXN1	1.26616231049648e-06	2.84258093714954e-05	0.211692233530372
RNF145	1.29412700687718e-06	2.90003176788825e-05	0.281452561998557
PWWP3A	1.32971242357307e-06	2.97431828371755e-05	0.278311098222597
SH3BGRL	1.3578465749116e-06	3.0261642736123e-05	0.282860701673786
RHOA	1.37362612451733e-06	3.04869599909307e-05	0.22490568572744
RABAC1	1.44564939715214e-06	3.16410682570234e-05	0.452475825562816
SLC11A2	1.49704213037802e-06	3.25326966873785e-05	0.186672088325288
IER5L	1.5258991773421e-06	3.30422103774451e-05	-0.210409719377769
DPM3	1.56644839197719e-06	3.38602375419778e-05	0.15371447955095
MCL1	1.59467426266006e-06	3.4409464257716e-05	-0.344065614046206
KCNAB1	1.60140187525754e-06	3.44936880114996e-05	0.152473071931788
TBCB	1.62823841631379e-06	3.50099925676767e-05	0.293203135874641
KCNQ2	1.64301702005033e-06	3.52656711175301e-05	0.29276351317963
MYDGF	1.67490975347701e-06	3.58208607565306e-05	0.340050519153408
BCL6	1.69998983236374e-06	3.60509478630172e-05	-0.252258021963716
TIMP1	1.69930298919323e-06	3.60509478630172e-05	0.24530552155587
AUP1	1.72974319334056e-06	3.64230234832211e-05	0.161152346243817
G6PC3	1.77259280127467e-06	3.71970375978824e-05	0.192407811511181
PCMTD2	1.78515040656748e-06	3.73962983111641e-05	-0.385299424441787
TMEM163	1.80646072369613e-06	3.77133415700868e-05	0.228034519102495
ADGRG1	1.91574998996918e-06	3.97233525084782e-05	0.312140168167505
DDIT3	1.9448183984841e-06	4.01896228438009e-05	-0.26147883397791
C18orf32	2.0379080429315e-06	4.18582004452638e-05	0.259648792644139
CLPTM1	2.09989094208473e-06	4.2886234240269e-05	0.20112489961906
NENF	2.11751701880257e-06	4.31740156104103e-05	0.30488883801005
SRI	2.14020162788797e-06	4.35638041356595e-05	0.355299347633392
DSEL	2.19004392313367e-06	4.45041704379891e-05	0.309744850774245
RCOR3	2.27252767258971e-06	4.60271649508095e-05	-0.222001581980428
RBBP4	2.4397819205911e-06	4.88476337642279e-05	0.221005365702245
FRZB	2.57503226592414e-06	5.13430541136519e-05	0.184327447045406
ARHGAP21	2.62630684471857e-06	5.20699439846557e-05	-0.315846730035685
NDN	2.63699451639422e-06	5.21971053950123e-05	0.248195259264288
DHX36	2.7532575486397e-06	5.40603447613129e-05	-0.308078685622394
EIF3J-DT	2.83744334720202e-06	5.52690519926287e-05	-0.278030397502054
INTS6L	2.89097767689228e-06	5.60436672506119e-05	-0.168376705826119
ATP1B2	2.88643077527869e-06	5.60436672506119e-05	0.233619470850303
ZNF300	2.95658179458187e-06	5.70998837534042e-05	-0.19588498296082
RFNG	3.06481616056039e-06	5.84853121389438e-05	0.162559592800537
HNRNPM	3.17235402076638e-06	6.0188186187234e-05	0.362094280193848
EIF3L	3.17849716211967e-06	6.0188186187234e-05	0.22190343847969
SRGAP2	3.21746327955176e-06	6.08279861194515e-05	-0.154437995499224
NXPH1	3.28410011336879e-06	6.18961646366868e-05	0.345329510160104
MCTS1	3.49165166593878e-06	6.54042052087581e-05	-0.295338992722272
VMA21	3.57538879397053e-06	6.66659898332246e-05	0.170364345249096
PHB	3.60078322015804e-06	6.70371424813874e-05	0.413207728390461
ZNF469	3.83163358596689e-06	7.08468377605303e-05	0.1503826235805
CASC9	4.05923760051386e-06	7.43889804379886e-05	-0.214008342495781
CYC1	4.0959635002423e-06	7.4886230880927e-05	0.299191990895583
S100A16	4.13459998781371e-06	7.54796257865006e-05	-0.352388619556768
ETV6	4.32068440654126e-06	7.84079029080066e-05	-0.173062312494668
CCND2	4.3564982500055e-06	7.89405239277703e-05	-0.330491762642318
LEPROT	4.70233256339668e-06	8.44333700583246e-05	0.253533397850708
SGCB	4.70671400106189e-06	8.44333700583246e-05	0.371076298894416
ARHGEF11	4.81007715939524e-06	8.61370562282905e-05	-0.287502281561384
LDHB	4.85121370817351e-06	8.66196973946244e-05	0.364040506414282
HIP1R	4.84961609154727e-06	8.66196973946244e-05	0.199662886156255
ZNF580	5.15464910211638e-06	9.05809057325861e-05	0.164515876760681
SCP2	5.18266971902429e-06	9.08119731398044e-05	0.246005340799601
CNP	5.35396852063572e-06	9.34114536321773e-05	0.258686309158665
ATP5MC1	5.37199221551056e-06	9.35922124508281e-05	0.154862900345193
BMPR2	5.45933589489143e-06	9.45742826727787e-05	0.281738441524666
ZBTB33	5.57479861210847e-06	9.64376989372249e-05	-0.17810827464854
NDUFS7	5.96593612366821e-06	0.000102478168605288	0.265090390059221
TSC22D4	6.02624890481351e-06	0.000103368789149561	0.351442156756702
JAG1	6.18880445535328e-06	0.000105711704633888	-0.156904076279833
FAM171B	6.24535679081564e-06	0.000106380115043558	0.315428342944046
ETFRF1	6.32920644623825e-06	0.000107508481679983	-0.176346520266904
SERP1	6.39349461365436e-06	0.000108449652384112	0.15835760500954
YBX1	6.49975170382184e-06	0.000110099122827706	0.299294283469974
GAPDH	6.53834760191216e-06	0.000110599500363093	0.28534644990053
SPRY4	6.70924680481787e-06	0.000113020732727229	-0.431194703519766
TMEM170A	6.72277436720378e-06	0.000113092621689614	0.271960154272328
MTDH	6.78893616703457e-06	0.000114048524632728	0.327369824393733
DNAJC15	6.94928481698919e-06	0.000115944829876898	-0.161068742870517
ADGRB2	7.01951748677456e-06	0.000116956844564772	0.189692120900885
IWS1	7.04214525004049e-06	0.000117174005366137	-0.160963171216214
MYCBP2	7.1997358485493e-06	0.00011963316179365	-0.271283796301516
HSP90AA1	7.38866043539523e-06	0.000122273319644285	-0.258960026911046
AL391807.1	7.92738299915337e-06	0.000130199123993982	-0.354269282288513
ZCCHC17	7.9499610498998e-06	0.000130326005775069	-0.277511616543137
DPYSL3	7.97544799262536e-06	0.000130568560769348	0.237298027643175
RPL8	8.0387468608591e-06	0.000131428668556455	0.320546545276761
PKM	8.15890144342054e-06	0.000133036933682904	0.286482045116693
TMEM208	8.41903147214281e-06	0.000136730892778298	0.247324810810239
P2RX7	8.49695952961342e-06	0.000137448167861151	0.232535524700923
DEGS1	8.78670495018599e-06	0.000141947126397647	0.335735070691266
RPL39	8.81128333526688e-06	0.000142156147124986	0.267770903423035
CACNG4	8.90147008999513e-06	0.000143421707399882	0.332522010641781
NPDC1	9.0393890191565e-06	0.00014506972153871	0.1513280623625
C1QTNF4	9.10877704758444e-06	0.000145991462050064	0.168548751912289
ATP1A2	9.17123899872974e-06	0.000146607777344877	0.354033701151357
ROBO1	9.23939902689935e-06	0.00014711966142832	0.216313538706849
TM7SF2	9.27704212027579e-06	0.000147334870500557	0.28969216052797
ZNF880	9.41128172483394e-06	0.000148885989255695	0.192324074406217
VWA1	9.79020279819464e-06	0.000153686049838498	0.224529369704056
RPS2	1.08835284361997e-05	0.000169110092609805	0.292883097506928
SNHG9	1.09178583126786e-05	0.000169228379969314	0.216056308940552
AF117829.1	1.11998873470465e-05	0.000172414938568441	-0.16807914173549
RPN2	1.12091591929372e-05	0.000172414938568441	0.331444343574128
PCDH7	1.13628387275198e-05	0.000173832335387583	0.255015845729132
RPL38	1.13724749017178e-05	0.000173832335387583	0.370295950008809
PNN	1.15408142241451e-05	0.000176184955149355	-0.296550695698401
GPAA1	1.15655556476192e-05	0.000176342236110329	0.208541781706144
MACF1	1.16935611824769e-05	0.00017739385097398	-0.323386198274221
RPS3A	1.18991400961927e-05	0.000179007498221139	0.220397812335015
BPTF	1.20376614533339e-05	0.000180387680158977	-0.333102909725171
NCOA4	1.22916236823597e-05	0.00018329377293365	0.156021922136863
ATAD2B	1.26750171074254e-05	0.0001878640581711	-0.168795225473196
PMP22	1.28265328612645e-05	0.000189879328284392	0.210425933540166
PCDH17	1.30480017864364e-05	0.000192225869502711	0.303011035532033
NDUFB1	1.30328866489025e-05	0.000192225869502711	0.318740061033308
YPEL3	1.3039250252488e-05	0.000192225869502711	0.176980227397873
HNRNPC	1.42035806103846e-05	0.000207469712690604	0.276206063627798
SCARB2	1.4453637676272e-05	0.000210145567786084	0.262361090716852
MATN2	1.46425026717059e-05	0.000212368799467606	0.193554168476432
FAM3C	1.51859529732901e-05	0.000218452348248283	0.29657265541795
ARF3	1.52175058351216e-05	0.000218648704428636	0.164128282603166
CNTNAP5	1.52979301340345e-05	0.000219545970301954	0.177986048074753
KLHL13	1.54484686865019e-05	0.000221186574523151	-0.170216920322575
PRNP	1.54790309021554e-05	0.000221364642163963	0.275507774203972
RPS12	1.55012095228276e-05	0.000221422540236601	0.284737361907449
MDFI	1.58153913097401e-05	0.000225143147320298	-0.177679336769363
SEL1L	1.5816983574946e-05	0.000225143147320298	0.236540882528418
CTTNBP2	1.58610620055711e-05	0.000225245523574465	-0.308998357612845
ATP6AP1	1.59702423445979e-05	0.000226269802499506	0.256280845121627
SYNRG	1.71662685344482e-05	0.000241812730808784	-0.236680429303708
JPX	1.7314255893848e-05	0.000243056330151225	-0.303175955717041
NCAM2	1.73486898182704e-05	0.000243260101894991	0.203977870123568
IGSF1	1.74792864467227e-05	0.00024452981142477	-0.184770934987156
GPC1	1.7694093498855e-05	0.000246969101601733	0.150423409186088
BAZ2B	1.80768255685475e-05	0.000251449055431288	-0.238043639796366
HNRNPK	1.87454536119868e-05	0.000258395287768843	0.209697229943394
ODF2L	1.95751137292125e-05	0.000268921106833377	-0.201382699309045
C6orf89	2.01285310107393e-05	0.000275903197793669	0.186540891104919
GLDC	2.10276034557403e-05	0.000285661981095613	-0.186306893660354
HM13	2.101070767561e-05	0.000285661981095613	0.281640062813926
NRIP1	2.11782687841145e-05	0.000287389107400433	-0.196297815243868
PLD3	2.17675120279268e-05	0.000293753176129359	0.265947598208668
SSBP1	2.20341840524922e-05	0.000297023719462568	-0.193584217367441
RPS28	2.21745266357697e-05	0.000298257151765039	0.199409192841809
FYN	2.22740403869456e-05	0.00029926606737708	0.227807632630463
ELFN2.1	2.24883870849039e-05	0.000301611980242077	0.155140858860504
TRIO	2.29800048266789e-05	0.000306155464009699	-0.283418861100333
ATP1A1	2.34404468275372e-05	0.000311510530037771	0.213178080401892
PRKCA	2.34256589698238e-05	0.000311510530037771	-0.292311514250621
SLC44A2	2.41567343194221e-05	0.000319027943052527	0.221175130135927
TMEM30A	2.41951547076109e-05	0.000319109529637205	0.330219936295417
OPCML	2.53703004620811e-05	0.000332809979348262	0.202713165323208
RPL18	2.57780069335845e-05	0.000336713153668307	0.165707150462556
PLLP	2.6187916529157e-05	0.000341701949327558	0.257517818738982
CCNL1	2.66528620101531e-05	0.000347353760806033	-0.253704131304137
NKTR	2.73966561300044e-05	0.000355952512038026	-0.292250558689684
CCT3	2.80841131337562e-05	0.00036365500155027	0.280011536860739
TM4SF1	2.82759699725703e-05	0.00036410757983337	0.154554235198569
RPL22	2.96637372793989e-05	0.000379751806491927	0.343733198913138
RPL35A	2.97726640744684e-05	0.000380348897846739	0.180775421120158
STK17A	2.98739312030583e-05	0.0003808458473726	-0.282612337629234
LBH	3.14943185786969e-05	0.000399004266391727	-0.302986357498402
TMEM9B	3.28679459273061e-05	0.00041383115836102	0.316954836122773
ANAPC11	3.3679208506199e-05	0.000422738102246874	0.279751825050566
RPL13A	3.37889411634013e-05	0.000423680018920554	0.335089431572706
SMARCA2	3.38509332352452e-05	0.000424021997540564	0.152769697331102
ARF5	3.41282880479733e-05	0.000426118497491181	0.358897809696503
ZNF24	3.41493101739006e-05	0.000426118497491181	-0.250296584148003
FSIP2	3.48213337707918e-05	0.000432187956649065	-0.290698310420811
AL450345.2	3.55491976100347e-05	0.000438892270521253	0.213891682975891
C1QBP	3.57660011954845e-05	0.000440777167104392	0.411509375912863
ARHGAP42	3.64754267722554e-05	0.000448163367373798	-0.24497216217987
MDH2	3.75248034132592e-05	0.00045783259149464	0.220517785689549
RAB14	3.76826574433577e-05	0.0004592996959638	0.240895187440492
FUNDC1	3.84278173512577e-05	0.000466984013244687	-0.180947049842153
PHLDA1	3.87714291171646e-05	0.00046975740457136	0.251814234181219
TXN	3.93034866792635e-05	0.000474935975088548	0.310850560712494
MT-ND4	4.08460113645593e-05	0.000489070918426826	-0.181041346086466
CLCN3	4.09198903271355e-05	0.000489475632287273	0.299093371942051
SSR4	4.10151949521686e-05	0.000490135592906884	0.39436538827073
GRINA	4.13243273376e-05	0.000493347028127183	0.173103611839893
HSBP1	4.19830373255807e-05	0.000499663621402804	0.34647310830415
MAGEH1	4.22387313094892e-05	0.000501810919730342	-0.303261839609084
CHM	4.23412233119739e-05	0.000502539708755235	-0.177088829281439
REEP2	4.43116079892818e-05	0.000521365769145567	0.152988350426287
KAT2B	4.55355647456384e-05	0.000534222720690184	-0.208199337642986
LTBP3	4.61026762439963e-05	0.000539427051091166	0.165190143716767
EPS8	4.71774363409938e-05	0.000549788196595951	-0.249490220901622
SERINC1	4.82826228737256e-05	0.000560528206422823	0.223791776926643
LIMA1	4.85650751308628e-05	0.000563271854295562	-0.23535577456647
HEPACAM	4.87101120468036e-05	0.000564418025073636	0.276588625563438
DCLK2	5.03614232670314e-05	0.000579156367570861	-0.301811053655775
TMX4	5.05619424255261e-05	0.000580915336634949	0.195753547821258
MICOS10	5.1005694854889e-05	0.00058327017908498	0.209148821961271
SNRNP70	5.09623436611903e-05	0.00058327017908498	-0.300881850543491
SAP30	5.1086966235608e-05	0.000583607415574785	-0.233015561341382
UCHL1	5.17298661592941e-05	0.000588246606520911	0.179708112138544
TUT4	5.21854396287367e-05	0.000592875138777452	-0.191893595983713
AC131097.2	5.38982289697249e-05	0.000607880879175005	0.262932901598603
TMED4	5.38418647451042e-05	0.000607880879175005	0.1889856209554
SNHG14	5.3904445439002e-05	0.000607880879175005	-0.267670091113351
KDELR1	5.39705578102865e-05	0.000608064965440064	0.383823712880166
SURF4	5.50205434252496e-05	0.000618183897748458	0.174249971916512
DPP10	5.5543010012798e-05	0.000621196686159617	0.222728253740611
CNOT9	5.69915628399757e-05	0.000633914350605303	0.160984480436598
TTYH1	5.69434777861966e-05	0.000633914350605303	0.302503173264682
UBE2S	6.05348544458598e-05	0.000664849080348279	-0.33319238825639
EIF3J	6.13704641805689e-05	0.000671610644298645	0.239162383790566
RPL36	6.32864802762894e-05	0.000690105163941359	0.205915852953953
USP24	6.42702237674048e-05	0.000699002320804686	-0.312551595637961
UBB	6.42848973584483e-05	0.000699002320804686	0.212582002022198
SLTM	6.59633991231282e-05	0.000714827855803695	-0.189352803567796
CEROX1	6.76836172380977e-05	0.000732170077350653	0.173602853321392
TTC9B	6.83790624505663e-05	0.000737081632576139	0.300718229355805
DAAM1	6.93562532021356e-05	0.000743676839646779	0.157846301814158
B4GALT2	7.00634895538718e-05	0.000748867228871098	0.152370686586895
GET1	7.0887367282113e-05	0.000754135380327915	0.190659862339432
NEAT1	7.09918296526154e-05	0.000754589395602604	-0.169219917257225
HLA-B	7.13709505122519e-05	0.000756074393455934	0.296878891533709
SIRT2	7.14410750878693e-05	0.000756074393455934	0.335342833945079
SHROOM4	7.45837961498611e-05	0.000783900088105209	-0.160980420148994
RPS23	7.51633063786657e-05	0.000788633557390588	0.198291188331847
REX1BD	7.60660910388799e-05	0.000796054130126684	0.221667641847087
PFN1	7.62994810780309e-05	0.000797812981511978	0.243130247747805
NASP	7.81089440453625e-05	0.000813251946825244	-0.272258851561073
LINC00632	8.46602075539667e-05	0.000865234405737737	-0.284146592728616
KIF2A	8.48929583492171e-05	0.000866887709296814	0.170984658409544
RPL11	8.49835414445867e-05	0.000867087712333114	0.217953706897908
SOX8	8.55347601987664e-05	0.000871256068646818	0.351899975762733
GINM1	8.63102982319524e-05	0.000877248646374463	0.244881519877994
ATG2B	8.69031199568108e-05	0.00088151810966157	-0.211034152905788
CTBP1	8.73447288754392e-05	0.000884237211074948	0.187041522545765
ATP6V0B	8.7986822939778e-05	0.000887351832009504	0.339594094370806
RPL41	8.95159213807781e-05	0.000897584522022531	0.159415344956395
LHFPL3	8.97232539579529e-05	0.000898925431163641	0.326170491499657
ZMYM2	8.99526614474683e-05	0.000900485126440926	-0.270553845040992
UQCRH	9.17180034324628e-05	0.000913182076739088	0.215772884397294
ACAP3	9.19606085939035e-05	0.000914588691170475	-0.308277402313181
BICD1	9.29983651760429e-05	0.000923405718613831	-0.197592835770352
SMS	9.66668577897676e-05	0.000951272330930104	-0.303116600679888
ZDHHC22	9.69362765621721e-05	0.000952439859737577	0.15785111305929
KCNQ1OT1	9.71430003459909e-05	0.000953703748573623	-0.387795717768905
VPS28	9.8343777805334e-05	0.000963942663191448	0.24596165857513
ARL16	9.86499332313121e-05	0.000966168111109875	-0.188840768642296
TOR1AIP2	9.95658749302138e-05	0.000972761369036067	0.158498818823137
SEC61A1	9.97213816452268e-05	0.000972761369036067	0.205331031889586
C4orf48	0.000100714702146508	0.000978543084578597	0.417298064539134
PHF21A	0.00010200895907037	0.000987974161083609	-0.150012767021632
ARID4B	0.000104217538154382	0.0010037924238797	-0.235687546479828
SEMA6A	0.000104503919873498	0.00100575758346338	-0.289440794511052
COX8A	0.000105639861274529	0.00101509018548058	0.369706106100623
ARID1B	0.000107050643314935	0.00102381323947166	-0.178203384511302
RPRM	0.000108647963186248	0.00103503710951142	0.172015155196288
UBQLN2	0.0001087858502179	0.00103554293742106	-0.188531189253895
RNF13	0.000115621398344663	0.00108705476365156	0.29395986117804
MAZ	0.000116434319484223	0.0010913371787113	0.168555800922896
AIMP1	0.000117001773479929	0.00109497521801562	-0.187599499529149
MORC3	0.000119388601784687	0.00111219907978366	-0.173643025403552
B4GAT1	0.000121973901456113	0.00113110649846887	0.15595631687174
OSGEP	0.000122596524006419	0.00113554933267972	-0.16555809844377
LINC00511	0.000124551146631189	0.00114817617628487	-0.250965500566047
MAP4K5	0.000125155578854172	0.0011527338495822	-0.185794252067768
DYNC1I2	0.000128307409474486	0.00117467645570607	0.168060846244372
MEGF11	0.000129878678042828	0.00118728165788702	0.174401717271652
GABRA3	0.000131608024414625	0.00119949910610135	0.173706185227811
CUL4B	0.000132240899884195	0.00120347102107726	-0.211319395415843
MDK	0.000132402270631443	0.00120404239108102	-0.212083012144962
CUTA	0.000134067367108217	0.00121737156467855	0.277934399285075
SSR2	0.000136802304779884	0.00123760485057535	0.345677915405637
ZNF131	0.000138659718934965	0.00125255262378161	-0.223398942819362
SRSF5	0.000141102556329832	0.00127085952836006	-0.260876432482098
LCORL	0.000144470675004622	0.00129641466115463	-0.170976144259499
GABPB1-AS1	0.000147226653628122	0.00131732964258349	-0.267759283588765
RPS26	0.000148153281767442	0.00132362547931658	0.303905298852879
MAP1B	0.000150300815069188	0.00134085014933528	0.219878998799104
GPCPD1	0.00015084026857883	0.00134369963541448	-0.180674204632098
EBPL	0.000153458232199905	0.00136304391989632	0.218747261250558
CCDC107	0.000153746678025238	0.00136381344404318	0.165122675775931
DAG1	0.000155344112295605	0.00137579234479059	0.224660537144284
ZEB2	0.000155820178618769	0.00137900858077611	0.177203779233326
ZC3H14	0.000156578280883429	0.00138371240552049	-0.198592203735566
ZEB1	0.000156829503336298	0.00138493038629516	-0.29308108196269
UQCRC1	0.000158009985313439	0.00139133089447226	0.150761820453703
DDRGK1	0.000157991115931418	0.00139133089447226	0.181059049362936
TMEM50B	0.000159835482542462	0.00140436744481373	0.154797407440068
TCEAL4	0.000161433666670976	0.00141738991448788	0.173883948789216
ADGRL3	0.000161696216726653	0.00141867521184096	0.15401868425976
KIF5C	0.000162875021245019	0.00142799184096585	0.194109587553664
MMP2	0.000164312731090593	0.00143750099198382	0.181264004078108
FJX1	0.00016645213150569	0.00144998565055563	-0.168853661748478
FABP5	0.000167146515396577	0.00145499671599316	0.241796726786794
GTF2B	0.000173317397195883	0.00149909728891878	-0.200851600550308
PHLPP1	0.000174165735110763	0.00150324107625989	-0.23659264266301
SLC1A1	0.00018521604812656	0.00158963007432865	0.247107097586855
SRSF6	0.000187566635609396	0.00160529174540823	0.160390578204742
RPS7	0.000190132781547451	0.00162270556326975	0.193515031905467
PA2G4	0.000195908375341216	0.00165924340363541	0.169598735176172
CDK2AP1	0.000196423417082067	0.0016624526630792	0.260079346426162
SSPN	0.000200807293451864	0.00169135136201905	0.1575826953664
SLC39A10	0.000204074807546624	0.00171532389853194	0.231020334122359
UPF2	0.000203995462659466	0.00171532389853194	-0.172674068949044
FAM66D	0.000210150669215076	0.00176154435355095	-0.154932126826118
STAG2	0.000211006051103959	0.00176554460276559	-0.31903819295031
CENATAC	0.000211061583561595	0.00176554460276559	-0.151556372310981
PPIP5K2	0.000217012570768773	0.00181160254736776	-0.195543795217631
ZBTB20	0.00022804772435837	0.00188951618560975	0.230391508798612
IGF2BP2	0.000228858656734513	0.00189156958415548	0.160914277753494
DDX46	0.000228818911406469	0.00189156958415548	-0.269276275770252
RPL34	0.000230315072279767	0.00190056620118432	0.244380061692902
CCS	0.000232295505809848	0.00191432187075281	0.160094332359047
ZFP36L2	0.000236289162487768	0.00194068563649167	0.169229163532446
ENHO	0.000239001718087417	0.0019603277253201	0.200305162607454
TM7SF3	0.000239177304075785	0.0019604512850185	0.153370284923028
SPECC1	0.000242660218274894	0.00197884791020913	-0.179462101551795
CBX4	0.000243720858111893	0.00198569902609777	-0.224948494023579
PTPRG	0.000256273017024923	0.00206864663379074	0.174467967884111
TCF25	0.000256257296082692	0.00206864663379074	-0.272393007452239
UQCRFS1	0.000257312018300626	0.00207566161129825	0.233861575806075
ABHD12	0.000258900741567373	0.00208488297952514	0.150705418797802
RPL26	0.000262927488078278	0.00210981170295664	0.242193171855135
CLPTM1L	0.000273127730172312	0.00216604478480159	0.166201687127032
NDUFB5	0.000275711023553136	0.00218228044760495	0.336728289562818
ZNF254	0.000277682633912404	0.00219220297865041	-0.235103103062649
BCAT1	0.000281266615470431	0.00221477058332713	0.153362431956472
ROCK1	0.000281659150996508	0.00221643248139198	-0.179440832934133
SLC35F1	0.000283380922623403	0.00222854552994181	0.219306269265906
BEND5	0.000283864602981011	0.00222959860104709	-0.15233710659726
CLK1	0.000284297347503853	0.00223144184130113	-0.267699143479057
RSBN1L	0.000299688967713172	0.00233048046406431	-0.269152277732499
CHORDC1	0.000300337002182656	0.00233236104808277	-0.232519872788337
ZRANB2	0.000303034734003443	0.00234832690760409	-0.157180351207315
C16orf87	0.000304146261764944	0.00235544597015552	-0.161651694814991
ANTKMT	0.000305490091952767	0.00236435392460022	0.167418672125109
CCND1	0.000307508306532913	0.00237095893162024	0.220668327103198
CHD1	0.000319827661930361	0.00244740302954605	-0.238523525259027
MPC1	0.000321148130855427	0.00245443186616854	0.170255013560997
MAP3K1	0.000325614597448388	0.00248235398167114	-0.217718881486942
PRPSAP1	0.000327694099000927	0.00249353771407995	0.173501824674897
MGLL	0.000339405515508392	0.00256505497588332	-0.169996162556688
GAL3ST1	0.000342712313849842	0.00258207618078231	0.273438670974505
PRDX4	0.000351900635452086	0.00263182024542335	0.267041921825011
APH1A	0.000360197485947039	0.00267747528659232	0.213071918710638
MORF4L2	0.000362434468564487	0.00268592971151582	0.228695397330419
MTSS2	0.00036457411369439	0.00269687683255577	0.178883697371108
CSDE1	0.000365574726591017	0.00270100673675504	0.224305373990524
UBE2I	0.000368027859606665	0.00271748745427824	-0.213725024495868
TNFAIP6	0.000368809062442229	0.00272161032000419	-0.191849104107348
NDUFB11	0.000371913374195826	0.00274286113469422	0.374826950177862
PPIG	0.000376308305617481	0.00276858634729295	-0.238236511100368
PPP1R12A	0.000377590928850234	0.00277512476127654	-0.177923413206258
KCNJ10	0.000381623023825525	0.00279422181653545	0.154385900499673
CUEDC2	0.000394129282487586	0.00286688560275217	0.163537153025001
FAM133B	0.000404625650872196	0.00293246395000249	-0.20593661275034
PLPPR5	0.000407229228652486	0.00294638066915451	0.157520572245587
ZNF821	0.000409508441356114	0.0029593648486877	-0.196463130814863
TAF1D	0.000416173654953986	0.00299726219575456	-0.242631369069091
PTPMT1	0.000418519457110705	0.00300385347142335	0.160457803516267
BCLAF1	0.00042335548791789	0.00302719003158149	-0.158033843971221
TMEM87A	0.000430876433012132	0.00307018312507419	0.181554763449536
RICTOR	0.000441850715939436	0.00313557396500194	0.193011114232949
NOS1AP	0.000444043089752242	0.00314814029009218	-0.157542853557438
CALD1	0.000445634022884779	0.00315508888202423	-0.266296270329392
KIN	0.000459632690908426	0.00323730914305917	-0.176241281706254
ZNF322	0.00047273582649723	0.00330860896791442	-0.167730009288801
SCPEP1	0.00047532259013275	0.00332290486164354	0.152958389453542
FNDC3A	0.000477732541795025	0.00333593340934399	-0.164575254198724
RPS15	0.000484143884939799	0.00336557703197242	0.178149702048763
RPL19	0.000486372400095878	0.00337236941589441	0.252018336835169
EDF1	0.000494436210735574	0.00341740206095844	0.30057318376764
CMTM5	0.000499668999828844	0.00344771609881902	0.351461283882939
PAFAH1B3	0.000501077233393132	0.00345353061593133	0.196608696616498
SRPRB	0.000506027028533798	0.00347587632141916	0.166503132564364
YWHAB	0.000506431621380347	0.00347670005166845	0.269255713078523
ZFAND6	0.000507203473275596	0.0034800427073679	-0.198850567517003
RPS15A	0.000514284491660037	0.00351677295444795	0.223598285103712
ATP5MPL	0.000515858321173236	0.00352340214257607	0.177452507364152
SNHG7	0.000517323441539691	0.00352964871034874	-0.210353848559256
MRPL19	0.000530342439625842	0.00359637546649107	0.17531911050319
LMAN2	0.000541960720472053	0.00365486818284107	0.220702948667464
SLC1A3	0.00054515341081505	0.00366975774624456	-0.184706106014261
TMED2	0.000548111158252435	0.00368211307796314	0.207226357229002
NCL	0.000549096411180865	0.00368443581547963	0.162582753575458
ANXA6	0.00055493808481851	0.00370555430830425	-0.163345088121854
KHDRBS1	0.00055983793900902	0.00372199278667238	-0.178254529377131
FAU	0.000564160891716956	0.00374461791877129	0.230159990499371
UPF3A	0.000573806320178045	0.00379187677719785	-0.209524844882185
DANCR	0.000576618002154171	0.00379998565404342	-0.164322252485675
CEP97	0.000584672365934287	0.00384088480044131	-0.161909877753751
TKT	0.000592595107151422	0.00387646708282824	0.175867283584376
COPS6	0.000592105921387622	0.00387646708282824	0.168902552427247
ILF3	0.000605635542881984	0.00394486767211609	-0.150789010471573
JAM2	0.000613033342084266	0.00397608932919551	0.161055634076112
TM9SF2	0.000615577688330095	0.00398835560083578	0.213486540445202
SRM	0.000625642092253655	0.00403643257934173	0.207556697577781
LRRN1	0.00063451504750359	0.00408072188561827	0.20477653755895
ATOX1	0.000634466052256687	0.00408072188561827	0.227633419419773
CDC42SE1	0.000640030936080609	0.00410325345005379	0.156088905817761
P4HA1	0.000641290991012318	0.00410486733397979	0.152817202022735
VIM	0.000648375097748786	0.00414152984770184	0.201373464285029
POGZ	0.000658939102472516	0.00419365464225995	-0.197383973567116
PACC1	0.000661585648345011	0.00420371826934841	0.289091844390798
STAT3	0.000663803037367953	0.00420925570891735	-0.281503872693669
RPN1	0.000676908830316237	0.00427681714674195	0.159203976155883
ERP29	0.000677996397624608	0.00428147363194899	0.164133515869285
HTRA1	0.000700914937873055	0.00440397976533383	0.273947830735152
CDCA7L	0.000708098811339949	0.0044358161281805	-0.193829953286538
GOPC	0.000709568303723026	0.0044418030206916	-0.238073375231457
RHOBTB3	0.000710752758987782	0.0044446612624259	0.155761478755895
AUXG01000058.1	0.000711770779239798	0.00444874950197321	-0.16095849528088
SOX2	0.00071590189425927	0.00446542892471321	0.233325327394199
CNBP	0.000717012785941751	0.00447007511725707	0.239006830768805
ERGIC2	0.000718212345896926	0.00447526907165263	0.171903217588806
NHSL1	0.000735444672532686	0.00456866011477197	0.168333410374037
HACD3	0.000743570626140535	0.00460976043505297	0.267051279219577
ZNF708	0.000756158926071894	0.00466648254882064	-0.235206898344857
CHGB	0.000786008500275466	0.00480937966626467	0.18279315792027
CUX1	0.0007893400056496	0.00482492967417346	0.195906823624881
ST8SIA1	0.000789856754859379	0.00482567311010385	-0.18895238520082
SEPTIN2	0.000796279539261859	0.00484793719491779	0.175176969237275
ARPP21	0.000799448853252921	0.00485996458177099	0.240888066356821
NDUFB2	0.000804848348428378	0.00488792286392629	0.322038705267939
HECTD2	0.000819996526486464	0.00495773147424712	-0.156689337714414
GSTP1	0.000829949705665423	0.00500304825039082	0.315210179927432
FUS	0.000847343749048957	0.00509532703453221	-0.212998942083084
NLGN1	0.000852517227770864	0.00511384720175126	0.194694885605864
KCND2	0.000854631928386056	0.00512065771440553	0.20355563884552
FGF12	0.000867527483550815	0.00518191067332533	0.232084287694872
RPLP2	0.000867682578150356	0.00518191067332533	0.294345536638626
CPSF6	0.000882870009353487	0.00524185290434329	-0.175421270465922
TAPBP	0.00090889377718039	0.00535729715284947	0.197374251968552
AKAP9	0.000928765971324542	0.00544029679030534	-0.191104571933134
CHIC2	0.000930451139160135	0.00544239384724342	-0.164192527641369
NSD3	0.000932391165358938	0.00545107386430288	-0.24774589903066
ATP5MC3	0.000960269990839117	0.0055819978096707	0.301021559599501
MIR99AHG	0.000965603538074906	0.00561033111822494	-0.154824209491941
ID2	0.000999014048676723	0.00576060367161889	-0.156333798780565
SERF2	0.00100920594579697	0.00580293418833257	0.235954748115771
YTHDC1	0.00101976068043311	0.00584985307192558	-0.210928993442985
DYNLRB1	0.00102029520573006	0.005850171524686	0.19777589135172
RBM5	0.00102759367461948	0.00588097542086584	-0.231073502906342
ELAVL3	0.00104753891597533	0.00597273239066605	-0.224559908734825
RPL35	0.00106380073432108	0.00603428942441433	0.215369270975675
NCKAP5	0.00106599821981078	0.00603571453803853	-0.191573871718994
RPS14	0.00107030716406636	0.00605169509015854	0.214090821938349
PDCD7	0.00108131268247083	0.00610544234443652	-0.20657310693651
HINT1	0.00108721665350062	0.00612744669552521	0.25132593970366
MYT1	0.00109302434395046	0.00615276380685661	-0.262026605069729
COX7A2	0.00109885606792397	0.00618163480311167	0.3126375717676
ZNF532	0.00111016778892336	0.0062344417158177	-0.15053537367467
TMED10	0.00111176326396955	0.00623987350315264	0.273783109767524
SLC41A3	0.00111287343154276	0.00624323528683127	0.155233929364275
CDV3	0.00111501582798697	0.00624951276145242	-0.194322947803677
C2orf80	0.00111736974388734	0.00625696317381757	-0.208502008013367
CWC15	0.00116920511555508	0.00647009609255743	-0.247811339471769
IFI6	0.00118321242858746	0.00651807550308464	0.176527299532623
NOVA1	0.00119166405329728	0.00655871702700301	-0.164025270369213
SLC52A2	0.00119406081989781	0.00656515032123885	0.153665488846238
TSPAN13	0.00126047267950899	0.00683880623493704	0.16773544325679
HNRNPU	0.00126450676027086	0.00685073959039319	-0.177776390380336
BTG2	0.0012708163162215	0.00687294825566566	-0.183849541384388
MED10	0.00130604754736343	0.00698675369949607	-0.205678948085824
GTPBP6	0.00131938318733098	0.00705500300651195	-0.157663058502866
STMN3	0.00133031291101788	0.00709480855120584	0.202117269266471
SDF2	0.00136638810475206	0.00723978217932189	0.171340342618186
KAT6B	0.00138212797302637	0.00729469703309034	-0.209358009461049
FOS	0.00138506691368057	0.00730705063359862	-0.198362554054591
PANTR1	0.00138986831773557	0.0073216606952248	-0.242478222427155
LINC00461	0.00138963074833882	0.0073216606952248	-0.247804753944245
DDX1	0.00139450575314337	0.00733466785664943	0.182132952636125
LDOC1	0.00146299396217728	0.00762918243384763	-0.153411311721667
CTSB	0.00151282480594303	0.00782886837075518	0.19135283028181
PAIP2	0.00153831041544682	0.00793721381658302	0.204066638012984
RB1CC1	0.00153991986505793	0.00794216271619614	-0.162178965143178
CACYBP	0.00155134877037239	0.00799098377585742	-0.152646610563476
OST4	0.00156471084733336	0.00804956743781723	0.294861253750176
USP46	0.00156535844303741	0.00804956743781723	-0.184725192981566
SFXN1	0.00157863557509838	0.00809591928053389	0.162049780475467
PEAK1	0.00160740748101878	0.00820019530730257	-0.186627868366041
APMAP	0.00162713639014505	0.00828679074673445	0.166428098061726
FNBP4	0.00165525493057477	0.00840566672229093	-0.182850839379761
BDP1	0.00166473042864158	0.00843862702940979	-0.167713218870998
OLIG2	0.00166658877515421	0.00843862702940979	0.267365500712886
IP6K2	0.00170630389197581	0.00857625704144825	-0.194394025445549
COX4I1	0.00171018483859286	0.00859172662843877	0.319094045372456
MAP4K4	0.00172846677321636	0.00867286963898578	-0.184549305914789
CLTC	0.00180956245978879	0.0089801651041855	0.20234689661717
PSMD8	0.00182811801215443	0.00906120344254953	0.264557287406368
NDUFS5	0.00185909656484053	0.00918492975177889	0.20569627781616
ATP5MG	0.0018637719306456	0.00919315290346313	0.334843865095855
DSCAM	0.00187958169885557	0.00926005002538364	0.207868947766731
IDI1	0.00189108280407725	0.00930906662079622	-0.243500397599815
ASCL1	0.00189464698594535	0.00932073855494146	0.274519126261856
NDUFA1	0.00194718479938157	0.00951107300395241	0.293093834015285
XKR4	0.00200496091191838	0.00970534586494618	0.170610912836696
SMARCAD1	0.00200829202292931	0.00971377048555867	-0.150237446175915
AFDN	0.00200809282543122	0.00971377048555867	-0.156197124850402
DDHD1	0.00202890051091252	0.0097812701032459	-0.172302424833465
RPL28	0.00204521759583674	0.00983157809008186	0.165417311505615
ATP10B	0.00205201688196268	0.00985888362683327	-0.188202962798809
KLHL7	0.00205412814549728	0.00986514630002292	-0.154552948969105
HMGN2	0.00206670007037609	0.00991382873507587	0.189629362695405
DNAJA2	0.00207075492953229	0.00992548271364906	0.157116875587379
ZNF91	0.00212642198310054	0.0101155859816991	-0.169763044653642
ATXN7L3B	0.00221197393335956	0.0104103420609327	0.223096079114796
SREK1	0.00226271667157401	0.0105960731249745	-0.228181475948958
PEPD	0.00229245125430897	0.0107024874498759	0.154786517662985
ATP2A2	0.00231506714644092	0.0107833390768432	0.218455585418665
COPS9	0.00248192982185382	0.0114437957755229	0.156942376549909
GOLGA4	0.00248485943937554	0.0114437957755229	-0.16108130160296
TULP4	0.0025408749532925	0.0116517037306432	-0.150326490836457
TMEM255A	0.00257320336109569	0.0117658302692107	-0.175707805275893
DARS1	0.00259160755325976	0.0118411159925033	0.153165901857644
TOP1	0.00259510146034651	0.011849646876833	-0.272285210610826
FZD3	0.00264201263320514	0.0120129934063047	0.167522892614125
ZNF286A	0.00265748568715671	0.0120653801848494	0.162852047261006
TM2D3	0.00274196344179333	0.0123479349242706	0.168698934495527
BAMBI	0.00276711417505992	0.0124382647846915	0.26923159814673
CSNK1E	0.00278037471247908	0.0124794988473014	-0.18115164456508
RPS25	0.00278177046000771	0.0124811765716658	0.276890267391547
MAP2	0.0027913945948113	0.0125151623298203	-0.154481442934606
GRIA3	0.00281739551067258	0.0126083300164443	-0.222833399650313
ZFYVE16	0.00283088938063664	0.0126458127306932	-0.237475727932857
STMN1	0.00283575357254578	0.0126629098287026	0.182749617999952
OCIAD1	0.00285442701866891	0.012732329137693	0.208971703801261
ATP5PF	0.00289394530147762	0.0128663101445017	0.314403201722683
SBDS	0.00291036427362372	0.0129251923177333	0.174471933418349
RPL23A	0.00290999488420713	0.0129251923177333	0.294346719928467
HSP90AB1	0.00291864202203389	0.0129502647583656	0.164871225475132
AP2A1	0.0029362951663188	0.0129996280454287	0.162157989033822
SKP1	0.00298564114360601	0.0131400487520217	0.201977338449411
MICOS13	0.00298805777185186	0.0131405841918073	0.156190029663909
RO60	0.00300732108100545	0.0131974173058999	0.245036350925726
GRB14	0.00301093386808191	0.013203782883621	-0.302036848260607
SLC1A2	0.00310023143485181	0.013445712540428	0.218596456560541
KMT5B	0.00311222291530902	0.0134881399803652	-0.156520865162185
TUFM	0.00311979766423525	0.0135065894623556	0.216479408486884
FUBP1	0.00328434799843565	0.0140496469719421	-0.152611744450505
LAMP1	0.00330387816274508	0.0141084839166453	0.168631771021355
TCEAL2	0.00338039729018276	0.0143549346679423	0.19539063150373
TAGLN3	0.00340073731798581	0.0144062451836839	-0.160450684963136
MORF4L1	0.00340868456881432	0.0144249011222901	0.204335698129931
FTL	0.00341139116316033	0.0144313544425622	0.271987725807868
DIPK1C	0.00344077669443017	0.014523152428636	-0.157169835105465
POU3F3	0.00344546478268857	0.0145352198241712	-0.282386406927519
TRIM44	0.00352814818982713	0.0148073105987487	-0.152920474213129
ERBB4	0.00358814079777377	0.0150015341780915	0.169569459979414
RPS13	0.00369556519851484	0.0153604313478666	0.248262022507358
ANKRD10	0.00369940537938717	0.0153676319382502	-0.17164955455767
SF3B2	0.00377966423256315	0.0156362493494746	0.186385200512159
TRAPPC6B	0.00378199300567822	0.0156362493494746	-0.152788217808427
KDM6A	0.00379762444282142	0.0156955625448995	-0.164052621231875
RPL4	0.00380816400357464	0.0157231598971119	0.224548046420996
SOX11	0.00384256943966267	0.0158170881586115	0.200871179621875
TSPAN6	0.00394938599821551	0.0161695780074442	-0.219362770403662
CALCOCO1	0.00402064098646589	0.0163353587384258	-0.17282050247906
RPS24	0.004130957451428	0.0166506215690727	0.157563754143053
INKA2	0.00415586764298387	0.0167307926207993	-0.165118039600793
OGA	0.00417649551748834	0.0167898419206995	-0.200737034164672
CALM3	0.00420199698096159	0.0168646037228011	0.280637482441252
DUSP1	0.00421149917166514	0.0168805511596805	-0.160944461063287
SPCS3	0.0042312951377345	0.0169376622475095	0.215874095879516
GALNT13	0.00437076667181216	0.0173345856177437	0.16138377072245
SKIL	0.00445292969077896	0.0176284052880011	-0.209592635160884
RNMT	0.00445722958093045	0.0176397099390485	-0.185598855991778
ARHGEF12	0.00447982781737235	0.0176833022409724	-0.157200358646933
LMAN1	0.00450333427923027	0.0177646064445217	0.183447323553453
C3orf70	0.00451745007618154	0.0177878025443635	0.172933219840207
DNMT1	0.00451327472459201	0.0177878025443635	-0.15211206589655
ATRAID	0.00471014432326426	0.0183785918913823	0.27002646462246
ZNF326	0.00475968893181175	0.0185025125150055	-0.218364835481688
BOD1L1	0.00476311302277715	0.0185025125150055	-0.181949665868481
KLF3	0.00479530432922735	0.0185920799278901	-0.202631710997168
HEPN1	0.00480323731338173	0.0186169271051511	0.254856341567907
RAC1	0.00481926469209114	0.0186553659855813	0.214591114757449
TMEM161B-AS1	0.00486806065444847	0.0187728527858475	-0.239620057877854
PPFIBP1	0.00489703105394721	0.0188571845959331	0.195063493287609
MAML2	0.00492479523737798	0.0189378224918442	-0.244301372114956
SUGP2	0.00501868206386651	0.019203043785968	-0.20374216287444
TRIP12	0.00514718418459258	0.0195346676340675	-0.17124724793831
AC245297.3	0.00517067608138992	0.0196116357087003	-0.169297094670278
DNM1	0.00530388296748545	0.0200050409764978	-0.150759168415702
TNRC6A	0.00535564083887001	0.0201498679253593	-0.170310343008727
EEF2	0.00538251213479664	0.0201967703793572	0.224844646119819
TENM1	0.00544055453915955	0.0203544917745845	-0.180567087082743
RTRAF	0.00552847086607058	0.020585126429061	-0.175124547407146
JMJD1C	0.00557995566548487	0.020682245384694	-0.15875778065941
ZNF292	0.00569590808475664	0.0209720004338658	-0.217205443927035
SLC25A5	0.00574896674669598	0.0211164303390671	0.300919820999237
MEIS2	0.00581476619120936	0.0212876916946163	-0.151109159411853
ARL1	0.00602368906022502	0.0218041833113599	0.154300614463045
UQCRB	0.00604219559838613	0.0218573528348197	0.159608126616794
BIRC6	0.00611232252326784	0.0220400929957692	-0.159012234268223
PCDH15	0.00619283994621076	0.022226625845969	-0.162807828736288
DEK	0.00622792892287629	0.0223266612350612	-0.219223879337706
RDH11	0.00624194222393125	0.0223491176724926	0.203282305984465
TUBB2B	0.00624537582407873	0.0223548578368914	0.156842682583901
GALR1	0.00644201084576747	0.0228706253323169	-0.172406548246459
XBP1	0.00697491843690978	0.0243663269078888	0.153264739522143
IFI27L2	0.00705709907094756	0.0245901143947168	0.240725263460363
SAR1B	0.00709954614725277	0.0247168634824396	0.179186067458485
COMT	0.00721619663198001	0.025022807711418	-0.185360951461098
SUMO1	0.00723008361143474	0.025047770163612	-0.161356828839367
CIAO2B	0.00725014329230319	0.0250867974466894	0.165309537727723
VPS13C	0.00741189030463138	0.0255133642306829	-0.151393069904139
LAP3	0.00745284845764389	0.0256182488638347	-0.157894418884471
PHF20L1	0.00752370272012512	0.0257964574174307	-0.155711217770426
NSD2	0.00755059258380401	0.0258596150381375	-0.151367050454009
PON2	0.00757417897056799	0.0259040738637768	0.153622882728818
KIF13A	0.00794863219383531	0.0268761475590561	-0.166863902255938
NUFIP2	0.00797417257975189	0.0269326796782383	-0.177457087116011
RSRP1	0.00850097955712653	0.0283126433954694	-0.222206621156442
MED13L	0.00870706049863823	0.0288730192424297	-0.177768004292504
GPBP1	0.00884481895273118	0.0292187649093064	-0.165607032545336
PSMD11	0.0088521911607059	0.0292352110994324	-0.193424860962421
SELENOK	0.00889476418885372	0.0293282276021789	0.274478135280357
WASL	0.00903685329538482	0.0296845318172498	-0.162424682747564
LAPTM4A	0.00913818083578237	0.0299609671268215	0.278186692097114
FAIM2	0.0091654343461947	0.0300260250202134	0.154226296061242
CHD2	0.00919854583174777	0.0300620391338334	-0.156960124380834
OS9	0.00923646979895034	0.0301456455517318	0.181676454967237
SOX10	0.00939272583865936	0.0304926530216764	0.225915098475926
UBE2B	0.00953898282593466	0.0308207025968135	-0.219254302412059
CSNK1D	0.00960826275291691	0.0309619295518138	-0.157977336475018
OAZ1	0.00964422403427684	0.0310532317771218	0.16151221476184
BLOC1S1	0.00972840294948405	0.0312464798597674	0.263619879971072
NACA	0.00974136511860308	0.0312670938747699	0.201102263380636
HSPE1	0.00985465879309165	0.0315395565618523	-0.214952127545839
PSENEN	0.00985913308377069	0.0315456097333224	0.174803367885666
TLE4	0.00988807498013095	0.0315728724720656	-0.180460230740375
TRA2B	0.0103111616146411	0.0325149023494996	-0.21906952357177
LRCH3	0.0103953221495789	0.0326958715974266	-0.180326327972818
CREB5	0.0104010808443099	0.0327050194174706	-0.193979355180261
RPS11	0.0104458108473042	0.0327954070197668	0.167715186059264
EIF2S2	0.011002583989749	0.0340965638839901	-0.157131957104901
ARF1	0.0110645076857255	0.0342276677724835	0.177668666101881
ANKRD17	0.0110800613203683	0.0342584275710527	-0.155554688101927
RBM25	0.0115494062933853	0.0352808651978776	-0.200267572635918
EMC4	0.0117005682632572	0.0355912927021569	0.157768627782427
APOE	0.0116995002081634	0.0355912927021569	0.187053686976147
KDM2A	0.0118016015436054	0.0357650023950503	-0.151489674198098
SNX1	0.0118654123491356	0.0359227270748621	-0.205261213223161
ADAR	0.0119866721375511	0.0362001945948165	-0.158475000864866
NLGN3	0.0120652556501294	0.0363654904380626	0.222630329462843
RPAIN	0.0126617675494361	0.0377895341981761	-0.250214402971946
ARPP19	0.012671921787656	0.0378021936474457	0.250374753889682
UBE2D3	0.0128364539083053	0.0381811036488389	-0.16748836456513
JUN	0.0128410094245229	0.0381853538109808	-0.235128962830235
BRI3	0.0129326144510179	0.0384109971523059	-0.154598005618834
VEGFB	0.0130089005829625	0.0385438386268124	0.166142691030465
AGL	0.0132717619299952	0.0391706206986544	0.153012379131743
RPS5	0.0137131774013785	0.0402764121944618	0.29011712360276
KMT2E	0.0141747173099449	0.0412986731803933	-0.164372472916537
TALDO1	0.0142684414701099	0.0415103562826233	0.237540933766489
ENY2	0.0143983755503481	0.0417788929903543	-0.169484141587104
SF3B1	0.0146495397094367	0.0422854527158165	-0.157336512881951
MTSS1	0.0146641530123794	0.0422988428767572	0.150340259860778
UNC50	0.0148773293147545	0.042792468893334	-0.187631011257129
ZC2HC1A	0.0152894116890002	0.0437715857847537	-0.154885677202029
KMT2C	0.0155257687473582	0.044292504954797	-0.203371363478077
HBD	0.0155902415868463	0.0444452895658623	0.174864982554224
MPC2	0.0159676578138282	0.0453307775174998	0.168523477661893
BEX1	0.0159749681612793	0.0453409914370682	0.174643811221865
HELLS	0.0160225162115046	0.0454337103531705	-0.150575469036079
PPM1K	0.0161657635647755	0.0457019607445842	-0.178059331830441
CPLANE1	0.0162107940478254	0.0457974618797343	-0.162470155028005
HNRNPAB	0.0162555457500356	0.0458496490173638	-0.196722904929996
HCG18	0.0162788470105733	0.045894173254878	-0.162185229113121
TOMM7	0.0163590316151419	0.046043920306337	0.249272838728337
MRPL36	0.0165541569893388	0.0463725595287196	-0.161288305057937
ERI3	0.0165854403831806	0.046426308365754	-0.165849006751923
ATP5F1D	0.0168748764755834	0.0470600779497147	0.184971983106431
ZNF451	0.0168932242482258	0.0470720848148715	-0.150456819474386
ERCC6L2	0.0169760090804041	0.0472811856098004	-0.157107734582195
PCM1	0.0172732923719823	0.0478595538352314	-0.171100294692195
CFL1	0.0173418585984552	0.0479393660169609	0.195427466112216
BAALC	0.0173713829248643	0.0480101153340954	0.263453014560211
GADD45A	0.0177003961246574	0.0487869415189441	-0.158959893003676
OLFM1	0.0178438122766776	0.0490714882537859	0.234735130951726
RPL32	0.0178497248575217	0.0490766973626547	0.172996325876341
RPS6	0.018179367411141	0.0496810503898558	0.244224957130881
ARHGAP12	0.0182043441121845	0.0497159335067328	-0.17855048297923
