Gene	PVal	FDR	Log2FC
FIBIN	0	0	0.62156891817186
MEG3	0	0	1.19615964056561
MAGEH1	7.07487130640591e-293	1.72810806530271e-289	1.0122915150935
CASK	5.51920627057482e-275	1.1234344363755e-271	0.892528792581643
RPS4X	1.75181479914561e-263	3.05641630599505e-260	0.842805033679177
PTGDS	1.5356264897694e-226	2.34432578994422e-223	-1.29885784363455
CHCHD2	1.61750143272281e-198	2.19494944420486e-195	0.715548169535023
ZNF528-AS1	1.55568899607954e-183	1.89996297091194e-180	-0.614938863911851
MT3	2.12698038558737e-183	2.36152831356168e-180	-0.845891161600273
RARRES2	4.83996711476754e-172	4.92587653105466e-169	-0.730233366266956
ARMCX6	6.79588492488731e-164	6.38447250674221e-161	0.27003062685539
SYT1	1.64813546185276e-145	1.43776274254341e-142	0.391646324033161
IGFBP2	1.49783101679206e-141	1.21953401387209e-138	0.926648318007791
APOE	1.01278429322332e-126	7.73070910821023e-124	-1.2982205329115
RAB9A	7.70792529297789e-126	5.53746421194935e-123	-0.719912822585433
LY6H	9.59080614544207e-124	6.50736196968245e-121	-0.829843342264258
MAP3K13	3.2875109468817e-120	2.11317743127717e-117	0.453972400944304
PDGFRA	1.69837224226068e-112	1.03711100973648e-109	0.495714381822703
SELENOM	3.70383850334732e-108	2.15404664958956e-105	-0.61704108560417
PLS3	3.69039411958357e-102	2.04867197193064e-99	0.2747734966988
TCEAL6	1.49255034681347e-101	7.92544234157951e-99	-0.385018314069193
PPP1R14A	2.31323932986509e-98	1.1771496639851e-95	-0.433624998421422
AC069277.1	1.18989637375915e-96	5.8128817650882e-94	-0.285321981117783
GATM	1.90567526783527e-93	8.95154309464314e-91	-0.53034177353258
TMEM176B	6.98721293392646e-89	3.16054931711274e-86	-0.339001641448695
CTSF	9.94013664656445e-81	4.33567460230327e-78	-0.414448198536551
MAP2	4.58149096930134e-79	1.92943962786473e-76	0.454259498342526
MORF4L2	1.26401692290336e-69	4.97981892884476e-67	-0.547480600415742
CLDN10	1.24958400155264e-69	4.97981892884476e-67	-0.347425689820063
GRB14	4.81756804790395e-65	1.83865495528284e-62	0.545504511871358
JUND	4.03779323645614e-63	1.49435056960118e-60	-0.504783412136099
EDIL3	2.19939995474326e-62	7.67464904207983e-60	-0.271170735328389
ZNF528	2.18426997447385e-62	7.67464904207983e-60	-0.239877392844381
MEG8	1.61372895481109e-61	5.47457547919663e-59	0.174113183022329
SEMA3E	3.37231750114332e-61	1.08384509582798e-58	-0.310551212695559
DNAJC15	9.07359208053706e-60	2.84143025845126e-57	0.25202218838954
ZNF506	4.09075929166018e-59	1.24901108072615e-56	-0.357655085890293
CD9	3.11737191564892e-58	9.28596663556591e-56	-0.514055512760788
FAM133A	7.04186056830878e-58	2.04767245525607e-55	-0.229727026446467
SMS	5.6909803776372e-55	1.61637077562984e-52	0.426513668159488
TSPAN6	1.10484446026802e-54	3.06669668028485e-52	0.404167722822491
HSD17B12	1.63359021028814e-53	4.433563830722e-51	-0.461237717264183
RPS19	1.9164235845509e-53	5.08810461698264e-51	0.377654173759349
RPS29	3.82126528093342e-53	9.92959848426381e-51	0.346901689781696
RPS27	5.83184617485336e-53	1.48384036111425e-50	0.37628456930356
CNTN1	7.79957420783826e-53	1.94400407755773e-50	0.377822010316906
JUN	9.83706569961755e-53	2.40280166778858e-50	-0.583925856858508
FTL	1.06555018785935e-52	2.55167930280906e-50	-0.312059353262239
ANKRD35	1.50161626912471e-52	3.52677682592695e-50	-0.22632104014487
BHLHE41	6.68041643194135e-52	1.53939482798679e-49	-0.294665471934245
ALDOC	2.00253394920651e-51	4.52906428178873e-49	-0.302338891753233
TMEM255A	2.63096156525495e-51	5.84216974481067e-49	0.317362442981223
LIMA1	1.21241110760932e-50	2.64413872450583e-48	0.329086145176637
PHF6	1.26272998827327e-50	2.70556514855815e-48	0.439128520826241
RPL39	2.25975498513602e-50	4.75834269542522e-48	0.36420693837819
ZNF680	7.61176318572894e-50	1.54937439645513e-47	-0.175371504119391
HBD	8.25228136240839e-49	1.65221495539498e-46	-0.37239335665141
MIR9-1HG	2.71656701761329e-48	5.35119886872759e-46	0.332249975475963
TMSB10	8.07709492476224e-48	1.56580254470034e-45	0.52552338921099
SPARCL1	2.68502609900609e-47	5.12378496049396e-45	-0.497367616061147
TF	1.17780659378555e-46	2.21300798921583e-44	0.181354404708248
APOD	2.55601029658859e-46	4.65918712719947e-44	-0.299581810132605
NEU4	4.2960689733909e-45	7.71586623117987e-43	-0.493212869967369
FBXO2	7.13949260402936e-45	1.24563747390015e-42	-0.220371458496401
AC087855.1	2.76129390349919e-43	4.6838447838105e-41	-0.155283124910702
PCSK1N	3.09778756880419e-43	5.18264103805556e-41	-0.206374216595078
DIAPH1	3.29040182244001e-43	5.4304969537108e-41	0.33982804745786
RPL37	6.50316128415431e-43	1.05897478351169e-40	0.306327821572265
PCDHGB6	3.77330780971786e-42	6.06360635264266e-40	0.262927311667389
CMYA5	4.98829019434064e-42	7.91194651214055e-40	-0.242708947264539
SAT1	6.50422890506011e-42	1.0184121489423e-39	0.392590845121961
FOS	1.01153526996035e-41	1.563782310383e-39	-0.579044181561134
PCDHB10	1.89851714684041e-41	2.89832373929523e-39	0.172158511842096
B2M	3.28694774840389e-41	4.95598677176009e-39	-0.322864378026328
COMT	4.24511325994733e-41	6.32263027362643e-39	0.340237608388757
RPS15A	4.74273043034405e-41	6.97867069226408e-39	0.289514927768275
RPGR	1.90238395540071e-40	2.76593038658438e-38	0.178813964140904
TSHZ2	2.48333859148484e-40	3.56811931974169e-38	0.168043346183949
HSPA1A	5.02495526435951e-40	7.13602077251426e-38	-0.35606386182388
GPM6B	7.83345596095018e-40	1.09965514541477e-37	0.265421114345306
RPS2	1.90497978579446e-39	2.64380887771679e-37	0.313191518605876
TCEAL7	4.86568609057432e-39	6.67692407013306e-37	-0.455150696359677
PTPRZ1	1.06426986513136e-38	1.43836706802958e-36	0.244571861277868
FUNDC1	1.83820899101593e-38	2.44022243557364e-36	0.268817302807085
RPL37A	1.8811014908928e-38	2.47031102239503e-36	0.296198518354149
S100A6	3.62911831109004e-38	4.71515126950454e-36	-0.260956828120169
BCAS1	4.61060468648062e-38	5.92729631957766e-36	-0.356573047642727
PEG10	2.06471168087126e-37	2.61840975697612e-35	0.409539818691889
RPRM	3.65618095317208e-37	4.55642224296843e-35	-0.318412090015856
PEBP1	7.37272213556421e-37	9.09525812541876e-35	-0.236171705015273
RPL27A	2.54674514083398e-36	3.11033984050054e-34	0.305734014743067
RTN1	2.2007582305652e-35	2.63508434018557e-33	-0.342517459957362
NES	2.97207185427108e-35	3.49018399578968e-33	0.249245610698386
PCDHB14	4.47053925680686e-35	5.19987580413164e-33	0.185504247888548
DCX	1.37183605522813e-34	1.58058808891521e-32	0.391232931478232
JUNB	1.94661085962195e-34	2.22186527369746e-32	-0.436408938178941
FOSB	2.3662454054943e-34	2.67582917937981e-32	-0.47598902608284
RBMX2	1.00073043972351e-33	1.12127714315075e-31	0.286798473905583
ANXA2R	2.04000191758331e-33	2.26495849267682e-31	-0.162063746686635
RPL18A	3.04159596347068e-33	3.34657761278085e-31	0.283809456282889
RPL34	2.43487595705349e-32	2.63160531535348e-30	0.265694411562403
LDOC1	2.76866395400792e-32	2.96611340967533e-30	0.219298046616312
MCTS1	3.01462075009146e-32	3.20152723659714e-30	0.294022738936254
LINC01322	3.34036915841174e-32	3.5168903906623e-30	-0.28069273036375
CD99L2	1.10799303867333e-31	1.1467727950269e-29	0.22433663330105
RPL32	1.6492610955985e-31	1.69264082021382e-29	0.295137680078163
LINC02328	1.86650182795931e-31	1.89963223540559e-29	-0.181381287942695
RPL6	2.6489523633005e-31	2.67369051347017e-29	0.251421653204734
RPS8	3.12825728059773e-31	3.13159066950328e-29	0.270671260233941
EEF1A2	3.25725536808742e-31	3.23421624475217e-29	-0.356312323546609
GPR82	4.02860912199368e-31	3.96785509733136e-29	0.195646984067009
NKAIN3	2.0189311570892e-30	1.97257649772244e-28	0.371474831846373
DPPA4	4.34084674721811e-30	4.17439065541533e-28	-0.239344075695517
SLC9A7	6.04417302113912e-30	5.76699102399782e-28	0.264223727424638
DNAJC12	1.33898573610168e-29	1.25792559961614e-27	-0.190639565225767
TM4SF1	7.00095098698365e-29	6.42876800030311e-27	0.257480625441573
HTRA1	2.11308885640189e-28	1.92590703009226e-26	-0.333450303028195
FERMT1	7.7825622521839e-28	6.93784180919139e-26	-0.382490896609927
COL20A1	9.65235735491221e-28	8.54233625909731e-26	0.370986466045367
CHCHD10	1.18548195943041e-27	1.04160368133264e-25	-0.308939787535446
CCND2	1.19411296069543e-27	1.04169297064095e-25	0.329587160108542
STXBP6	2.81509601852964e-27	2.40424948771346e-25	-0.192805255042862
RPS18	7.88808576119087e-27	6.64394423458097e-25	0.27686772692973
UBQLN2	1.20316502953655e-26	1.00645578806369e-24	0.230923881500039
MMGT1	1.47807815767112e-26	1.21971409051604e-24	0.233079669214414
WFDC1	1.8278471517704e-26	1.48823315097146e-24	-0.176397722338359
CAMK2N1	1.90884874003959e-26	1.54389203060288e-24	-0.354026953511769
CAT	2.09035557546754e-26	1.67957320020954e-24	-0.218693323334933
LNX1	5.57330464631159e-26	4.41992010684438e-24	0.348206440353137
CUL4B	8.21410222868705e-26	6.43069426403557e-24	0.228764259467889
BEX2	3.03403377274311e-25	2.3601690743001e-23	-0.267910972411502
FAM89A	4.89927857478534e-25	3.78701830594009e-23	-0.153205766873835
RPL11	6.91698155224054e-25	5.31302488663608e-23	0.240898854983738
RPS27A	1.99546561925698e-24	1.52316385049909e-22	0.242106973850705
SCG2	4.23809193677801e-24	3.18738143158125e-22	-0.280713492444524
DMD	4.25401763160357e-24	3.18738143158125e-22	0.234897873769966
SNHG29	7.25341614289518e-24	5.3688467486775e-22	0.277697187650273
ZNF493	1.4597890351833e-23	1.06121449325557e-21	-0.200660479617309
COTL1	1.5393113633161e-23	1.1124029396556e-21	0.32196257318943
AC008875.3	1.57492095514827e-23	1.13144174266034e-21	-0.177173163691377
RPL22	1.66509755778396e-23	1.18923020311202e-21	0.253962473706548
RAMP1	2.67069014852336e-23	1.87442549591297e-21	-0.206157511752371
TSC22D1	2.68586311131392e-23	1.87442549591297e-21	-0.200111654477503
S100A1	4.73588202232972e-23	3.24940040105128e-21	-0.220972676368782
SOX9	7.18372682986476e-23	4.87415865406324e-21	0.233305336660327
GRID2	9.80647524021341e-23	6.58057594003991e-21	-0.3298007780145
KCND2	1.17495171800871e-22	7.8413581049401e-21	0.280762216365562
RPL29	3.80807106773157e-22	2.52760717120683e-20	0.208753063855832
LHFPL3	4.67251502861533e-22	3.06803365830533e-20	0.320540800326914
CLU	5.31790584246757e-22	3.47313283711532e-20	-0.246264921680018
RPL36	6.04849217246132e-22	3.92926781395054e-20	0.233508624304999
RPL26	6.43843318963883e-22	4.16045420873328e-20	0.232200511425709
SQLE	9.9489094309742e-22	6.36157229740775e-20	0.177514714804734
RPS3A	1.16201274777201e-21	7.39149046278104e-20	0.233787467185625
RPL13A	1.27735393537075e-21	8.0830692293694e-20	0.240589355871818
ZNF667-AS1	1.38138348232438e-21	8.69630745857094e-20	-0.246980573896978
EEF1A1	1.47695580637299e-21	9.25028782729913e-20	0.253445103606984
EEF2	1.61591604699563e-21	1.00689707561008e-19	0.266698850385241
IGSF21	1.73373878696852e-21	1.06940160632558e-19	-0.306882719430515
SOX21	2.16222398846166e-21	1.32036207855411e-19	-0.184309280501781
DOCK9	2.82209286696034e-21	1.71473732259635e-19	-0.15847164441136
RPS24	4.939645310882e-21	2.9718171518129e-19	0.24146297483341
AC131097.2	5.84691473073463e-21	3.48333510275425e-19	-0.338686226371021
DUSP1	9.68879332484954e-21	5.71638806166123e-19	-0.257827689424121
EMID1	1.06096144007506e-20	6.22957791713301e-19	-0.210859855434001
RPS11	1.15507064950632e-20	6.74970231694767e-19	0.280080554688272
LINC01301	1.30690811210257e-20	7.60060417767083e-19	-0.202246901593607
HNRNPA3	1.3170001543701e-20	7.62299662811468e-19	0.24022420391207
MSMO1	1.49078756801085e-20	8.54788195686221e-19	0.156252825061064
RPL35	1.9926611610841e-20	1.13192422141024e-18	0.216259907409731
THBS2	2.54993185235001e-20	1.43512984851385e-18	-0.211073475349688
RPS10	2.58697540149453e-20	1.44929956781893e-18	0.316603884266795
H3-3A	2.96001691588334e-20	1.64687389489701e-18	0.214749365521234
RPLP0	2.96661145400263e-20	1.64687389489701e-18	0.272324827599968
RPS12	2.98859711869885e-20	1.65157179233797e-18	0.2196163156462
RPSA	3.73647691715998e-20	2.05556723375112e-18	0.223612522036545
ZEB1	4.02624436783834e-20	2.20504585042196e-18	0.238031626143857
RPL35A	4.922425417969e-20	2.68382060846676e-18	0.212589928506777
RPLP1	5.19715731760057e-20	2.82101699199359e-18	0.233907186760256
NLGN3	5.52372762966781e-20	2.98501263456341e-18	0.291242694059461
TMSB4X	5.95801518075502e-20	3.20551715429784e-18	0.258495902875771
SET	7.02345578787601e-20	3.7457408531585e-18	0.27136145910953
MMP16	7.72686147842992e-20	4.10296344504629e-18	0.282851581195756
RPL4	8.18813534549726e-20	4.32907779110641e-18	0.264809678817854
TUBB	8.22673732132729e-20	4.33073891833492e-18	0.314883191838667
IGF2BP3	9.90479364164618e-20	5.19172724229291e-18	0.173156234182851
ENHO	1.00689354625651e-19	5.25520977796186e-18	-0.27328420367228
PURA	1.2562475303854e-19	6.52874514408378e-18	-0.233499989483865
PMP22	1.39171872265897e-19	7.17175559486666e-18	-0.185528933826194
RPS28	1.38958014124145e-19	7.17175559486666e-18	0.219666397505505
MAMLD1	1.83180774799238e-19	9.36061423691671e-18	0.158355833269369
GPM6A	2.47902709243535e-19	1.25628040995489e-17	0.165407414941374
SOX11	2.9850459986381e-19	1.50646143724658e-17	0.222580855591993
PTMS	4.38828052472479e-19	2.19647828067475e-17	0.223475703609481
TNR	5.35989651920391e-19	2.67185372200152e-17	-0.19653901474503
RPS21	6.24003489699875e-19	3.09794903240024e-17	0.232489549591916
RPL19	6.68984805889687e-19	3.30781839446589e-17	0.214511733208866
HERC2	6.96234372159755e-19	3.41490376995465e-17	0.258935963510251
CASC15	7.90847365169454e-19	3.86344754832582e-17	-0.151036328345208
VCAN	1.30644835402216e-18	6.35683416241937e-17	-0.262691644540996
MFGE8	1.60588987271527e-18	7.78283056169508e-17	0.16915767908331
RPS6	2.54182840884174e-18	1.22700989554088e-16	0.232110012996634
PRRC2B	2.62570138528687e-18	1.26250752041372e-16	0.275033220053522
MTRNR2L12	2.86692147632841e-18	1.37308674472152e-16	0.192502326413804
ARL4A	3.45200957668399e-18	1.6404433058382e-16	0.270354737904567
HLA-C	3.90436854586521e-18	1.84821911049038e-16	-0.304448713644572
CALM2	4.34798655168982e-18	2.05026871643968e-16	-0.174381028236064
RACK1	5.00455669883619e-18	2.35079426780332e-16	0.194194607927513
RPL10A	6.28110022113223e-18	2.91677098861931e-16	0.201099662188857
ATP1A1	6.41456824439332e-18	2.9674667412415e-16	-0.234543258376836
ANXA5	6.51432366984322e-18	3.00224282942623e-16	-0.187914853117267
AL450345.2	8.08601979898363e-18	3.69867265187218e-16	-0.153943140852788
CD82	8.18781796706095e-18	3.73126197133267e-16	0.232962562575643
GSTM3	9.41289070744454e-18	4.27359234981488e-16	-0.23208635381809
RPS13	9.95834716475025e-18	4.50449236752203e-16	0.187640004836983
ZNF37A	1.07296292749525e-17	4.83545986475998e-16	0.16328572531137
FTH1	1.17760197663463e-17	5.28751946347013e-16	-0.165387171241467
HES5	1.8783637991762e-17	8.35602114211896e-16	-0.415691152756698
GRM7	1.88152445270017e-17	8.35602114211896e-16	-0.171456215781761
TSC22D3	1.90437008569612e-17	8.42683762920531e-16	-0.199823316228641
RPL38	2.82961012675475e-17	1.24758225552548e-15	0.188129834440398
PLLP	3.18258199695578e-17	1.3981609326914e-15	-0.166968579131862
SNHG15	3.41684366771339e-17	1.49569576035067e-15	-0.176363004210652
OFD1	3.94102030106882e-17	1.71287120772077e-15	-0.212440232223599
RPS5	4.20165888349506e-17	1.81967588454345e-15	0.200422519667606
HIP1R	5.66988025281507e-17	2.42119746600106e-15	-0.262629841336272
ZFP36L2	6.01889169195038e-17	2.56127959002752e-15	-0.296304959438055
ZNF737	6.38199254619197e-17	2.70636371411953e-15	-0.153578851742937
ZNF714	7.35113300769959e-17	3.10655319802889e-15	-0.158189559187021
OLFM2	7.4543763820757e-17	3.13932064669967e-15	-0.191348267208878
HNRNPA1	1.60216829757533e-16	6.70112377338611e-15	0.201791278932761
RPL3	1.86386047392721e-16	7.71638236205867e-15	0.203721310230295
RPL36A	2.26091341096927e-16	9.23496170172834e-15	0.160434371858792
PLAAT3	3.12830440394636e-16	1.26509873130453e-14	-0.164635313855664
SMOC1	3.72568569315827e-16	1.5017095501829e-14	0.268086840517732
SPRY4	4.10247246772407e-16	1.6481413239577e-14	0.246757900027759
TPT1	4.90266300474472e-16	1.95673932277606e-14	0.181894290111285
RPS23	5.22318333865422e-16	2.0711278608761e-14	0.190026571643895
RPL23A	6.45382346151556e-16	2.55082672930387e-14	0.224173343583459
SPTAN1	6.57394878548581e-16	2.58992375861736e-14	0.22195122152374
DCLK2	7.58978359634325e-16	2.98051533961865e-14	0.2379578527319
RBBP7	7.7268929972127e-16	3.02463282612047e-14	-0.20170178253342
BRINP1	7.97688915814129e-16	3.11251588780766e-14	-0.224491896461777
MAP4K4	8.20731055179418e-16	3.19222559774084e-14	0.247545300842959
APCDD1	9.67466261560257e-16	3.72733925944335e-14	-0.19476660245731
HMX1	1.43943602961178e-15	5.49369757176522e-14	-0.155574071592961
NCL	1.63478752423664e-15	6.21983178613773e-14	0.200862893595447
ETFB	1.80123710217731e-15	6.8318350089725e-14	-0.203155699118058
RPS16	2.26485593874142e-15	8.51098017841507e-14	0.199483974258803
PSAT1	2.75019156192674e-15	1.02715870170676e-13	-0.261474370435325
PENK	3.08199572347632e-15	1.14408552494883e-13	-0.159904863613917
CCDC85B	3.77254140677674e-15	1.38360505108001e-13	-0.243794653739709
RPL15	4.0168352203183e-15	1.46162973251934e-13	0.180249311033205
MT-CYB	4.0211871786334e-15	1.46162973251934e-13	-0.163144071622437
LRP4	4.23115302758019e-15	1.53338492361534e-13	-0.183887512417034
TRIM24	5.75306419051144e-15	2.07263047075859e-13	0.239945826783435
MT1E	5.84221830391821e-15	2.09855918075744e-13	-0.232839935065067
VWC2	6.23700189117697e-15	2.23379777410394e-13	-0.16175281722441
RPLP2	7.5440244117878e-15	2.6783479692199e-13	0.229159007567367
RPL30	7.75078286011184e-15	2.74377713247959e-13	0.194682138848934
CKB	1.01894379295519e-14	3.59663599519125e-13	-0.218652855153566
CBX5	1.1045319819956e-14	3.88750694412458e-13	0.224445419087659
DSCAM	1.58343653770839e-14	5.54112046849071e-13	-0.216072277714618
RPL27	1.78859554949081e-14	6.24117641312321e-13	0.191550147007176
MTRNR2L8	1.90002002712177e-14	6.59231380432903e-13	0.209181122458878
YWHAE	2.31499112341674e-14	8.00934464314125e-13	0.159880799834235
FABP7	2.6589419105534e-14	9.14750917002498e-13	0.216073137982936
AC140912.1	2.93465361935071e-14	1.00676754643624e-12	-0.2157891609424
CHAD	2.95360806167091e-14	1.0104317999212e-12	-0.19131434576259
TMOD2	3.55152030032887e-14	1.20820939910631e-12	0.19735310254075
ARHGAP6	4.27158452706004e-14	1.4411287798062e-12	0.158451402349045
MDFI	4.47776555993875e-14	1.50652756979427e-12	0.172602679905975
RPL5	4.73093146519854e-14	1.58733148308983e-12	0.179112791572425
HOXB2	5.33354950493742e-14	1.77489482571664e-12	-0.157932070882667
BTG2	5.40485730004167e-14	1.79373701645133e-12	-0.272995083160216
NPM1	7.68439680499886e-14	2.5296371476941e-12	0.173295587004314
ASCL1	9.08161401172629e-14	2.95770005133902e-12	-0.279037320093974
HLA-B	1.25943608785189e-13	4.06917802670241e-12	-0.184943758598809
TTC3	1.36605396531137e-13	4.39042554693362e-12	0.20474496029191
HNRNPM	1.4833555541727e-13	4.75491374884808e-12	0.192324710921327
DEK	1.50449743555396e-13	4.81005947131427e-12	0.234621889061366
DDAH1	1.53050691243396e-13	4.88043888291279e-12	0.207925347921396
VWA1	1.71025706672818e-13	5.42529079375359e-12	-0.158783633535619
SERTAD1	1.76039111446196e-13	5.56985924376267e-12	-0.174856707642346
TOP2B	2.0271303290279e-13	6.38075843000458e-12	0.202628961169661
BEX5	2.17825646577673e-13	6.83882936157613e-12	-0.218274810665024
SMC3	2.29646670335289e-13	7.191473807192e-12	0.234786407147553
ZFP36	2.37807753073438e-13	7.40904614358647e-12	-0.155562532326162
EEF1D	2.65278821186009e-13	8.24389374845987e-12	0.198411921946015
KLHL23	3.04882490004007e-13	9.37916838896456e-12	-0.21974585378385
LAMP2	3.25483177164796e-13	9.96272191156305e-12	-0.198346866733421
ARHGAP35	3.72074248948829e-13	1.13320269386834e-11	0.173533105394692
TMSB15A	3.81417750465505e-13	1.15876989712319e-11	0.152287346558657
C1QL2	4.21477317465778e-13	1.27729590030013e-11	-0.185532145833581
RPL14	5.15224330594424e-13	1.55753335384894e-11	0.190186787625129
CTXN1	5.39929238672039e-13	1.62818661528435e-11	0.157663954272345
RPS15	6.04049854355042e-13	1.80815217432307e-11	0.183204310057195
SEPTIN2	6.62902094742873e-13	1.97463982514505e-11	0.195047256165768
GOLGA8B	7.52669870665054e-13	2.23658324341419e-11	-0.214356952013862
RPL9	8.01733642912332e-13	2.37659538371076e-11	0.156284034755833
CCDC50	8.06264408008185e-13	2.38423903510992e-11	-0.189648234407596
DYNC1H1	9.69257795593368e-13	2.82518984667823e-11	0.207236190654773
CHRM3	1.00948997018896e-12	2.92848004891159e-11	0.183588027935488
PDE4D	1.02941315688932e-12	2.97919973580315e-11	0.160716909222354
ZNF428	1.11447541075439e-12	3.20260898624549e-11	0.166038706171127
COL9A3	1.1632548766854e-12	3.33493704435652e-11	0.239384966026397
GLUL	1.27968962989935e-12	3.65160033877589e-11	-0.16584866002511
PRKDC	1.37893494989767e-12	3.92562530142196e-11	0.220250319795715
RPS14	1.46151142744684e-12	4.12227230101808e-11	0.173197389144895
PCDHB2	1.68717206440685e-12	4.73688101668986e-11	0.238340848083681
ENAH	1.85696968582486e-12	5.16609812596333e-11	0.208895367743399
SSPN	2.05085876965335e-12	5.69253139858554e-11	-0.174587556715994
RPL10	2.2127121708913e-12	6.12785799163161e-11	0.167464064352735
CALR	2.39293492010934e-12	6.61197153377724e-11	0.230118425740847
ZNF462	2.54466703381143e-12	7.0153540595799e-11	0.219801435943164
VIM	2.71399537871461e-12	7.46532107212646e-11	0.196355292499449
DDX21	2.94317727552888e-12	8.07753349798521e-11	0.183296249220337
MIF	3.21336177925704e-12	8.79927968835567e-11	0.167834707817374
EMP2	3.23970644355506e-12	8.85157377967291e-11	0.198146079927133
ARPP21	3.35850307413938e-12	9.15566920635363e-11	-0.22855984974838
RIMS2	5.1082664839957e-12	1.38330950263946e-10	-0.181924280427607
AP2B1	6.7381792757084e-12	1.81262959238385e-10	0.220423794839892
RBP1	7.10741420471834e-12	1.90775493807088e-10	0.186664904195911
PPP1R14B	9.30217405965506e-12	2.4859398641262e-10	0.198570910015831
RPL13	9.80790141809781e-12	2.61536899605303e-10	-0.189593187954433
WSCD1	1.11117099934422e-11	2.95015900325889e-10	0.227747848509232
CDCA7L	1.13103608005587e-11	2.99638690796579e-10	0.178310328477108
EPB41L2	1.38283438342822e-11	3.64763635525029e-10	0.179970693156835
RPL28	1.63915195798955e-11	4.27755616729197e-10	0.15547995742161
RPS3	2.07518679127799e-11	5.40389259741538e-10	0.156459494755107
ATP5F1E	2.65350296580797e-11	6.85142319691602e-10	0.152136447115524
TM9SF3	2.77719400366059e-11	7.11066464710835e-10	0.217392795107809
RO60	2.97971833448419e-11	7.61324268181075e-10	0.217492958442699
PLCB1	3.18818413581336e-11	8.07827652503912e-10	0.174419719401674
SYNE2	3.20839157002247e-11	8.11264725562824e-10	0.16443404291083
ARL16	3.4312901877622e-11	8.65833617007021e-10	-0.176113697653756
S100A16	3.72217639091778e-11	9.37297737366573e-10	-0.229430314516141
BRD7	4.11500149953564e-11	1.02984658429977e-09	0.159979135348373
STAG2	4.99241020697566e-11	1.24433277260804e-09	0.160143280846716
LINC01003	5.15246404587829e-11	1.2790049469982e-09	-0.226177454290881
JPT1	5.25790897751776e-11	1.30253229903498e-09	0.195204386730006
TCEAL2	5.6807204553976e-11	1.40158866508628e-09	-0.232883541474667
BZW2	6.59500770958829e-11	1.61089658314404e-09	0.159191083663912
LINC01546	7.3732839275944e-11	1.78316666549922e-09	-0.166211897610222
CACNA1A	7.41843676044709e-11	1.79054087263518e-09	-0.157025601608663
PTPRN2	7.43945628348446e-11	1.79207257574351e-09	-0.154521340381001
RPL41	1.10004124309079e-10	2.59359144823702e-09	0.162460598740042
CEP170	1.22461235681785e-10	2.88173231480084e-09	0.204310967959576
RPL7A	1.22723875996839e-10	2.88235903374884e-09	0.165061424432226
APP	1.44419000239427e-10	3.37244598455856e-09	-0.159984988471405
LINC00632	1.56191423297783e-10	3.6403928487325e-09	-0.215631355858751
DPYSL2	1.64378846720018e-10	3.81665181557334e-09	0.214402185203489
CYCS	1.89962014418528e-10	4.38564476766253e-09	-0.211474283402776
ROBO1	2.50269750135876e-10	5.70250831792807e-09	0.187022237754645
RPL12	2.52982722327079e-10	5.75359029381866e-09	0.174577479966696
PSAP	2.53510613800959e-10	5.75487941700951e-09	-0.168171542407945
PRNP	2.96390236475043e-10	6.65406977586342e-09	-0.187246378612281
DLL3	2.96132081963279e-10	6.65406977586342e-09	-0.186032430667234
AIG1	3.03319894921521e-10	6.79714839757162e-09	-0.165563575538794
RPL7	3.2637405971323e-10	7.28703179392628e-09	0.192404693601729
CYRIB	3.64418384370113e-10	8.09207586965853e-09	-0.196452348212665
EIF4G2	3.77798915391529e-10	8.35880100303758e-09	0.188085778568677
RAB3IP	4.51857045703579e-10	9.92541384744211e-09	-0.164869661297626
EMC10	4.55024606006568e-10	9.97704759992497e-09	-0.19356510237329
BRI3	5.89226689372123e-10	1.2736682402304e-08	-0.18981910918543
SCRN1	6.11610588677974e-10	1.31971733560496e-08	0.160878971072885
DHRS7	7.03158842215529e-10	1.5119153063342e-08	-0.182232488938866
HNRNPR	8.91903485561603e-10	1.90101523022057e-08	0.160403497865112
FAM177A1	9.11003299966003e-10	1.93497100912779e-08	0.19987878571017
TOP1	9.53565812939837e-10	2.021857512749e-08	0.212934858328819
TPI1	1.03257289499842e-09	2.17053576017481e-08	-0.198041488251852
SETD5	1.22861975751868e-09	2.56937210592048e-08	0.174561563772249
ERBB3	1.41028819809027e-09	2.92425293094677e-08	0.170163523835328
KTN1	1.70602555618039e-09	3.51954224959985e-08	0.163490444453303
RB1CC1	2.0052402512759e-09	4.11596625022397e-08	0.161652839426451
MAP3K1	2.17936335918972e-09	4.45093055280669e-08	0.158503001268723
KIDINS220	2.22042953887188e-09	4.51968432637371e-08	0.181546082333438
RPL23	2.76848904476959e-09	5.60722333395872e-08	0.195145914281508
FGD5-AS1	2.79374405237841e-09	5.64900597875786e-08	0.177409752560501
ITGB8	2.98779500035607e-09	6.00163492423498e-08	0.195293110929354
OMG	3.40577506227372e-09	6.78543733043213e-08	-0.155832772644796
CIRBP	3.62649935159806e-09	7.17835276840634e-08	-0.153931078415575
UQCRFS1	3.65911887904988e-09	7.21951839577321e-08	-0.180305150720236
VAMP2	3.71449798097701e-09	7.30517936258812e-08	-0.174578660575174
PDE4DIP	3.73121766192681e-09	7.32626387541996e-08	-0.184498828379488
PJA2	3.90790207862243e-09	7.66086807162371e-08	0.152780313145894
MLLT11	4.194691602811e-09	8.18366909666625e-08	0.152482219593084
TRIO	4.67041703681771e-09	9.0683312036017e-08	0.157005330637254
C2orf80	4.93258542995011e-09	9.56216918348899e-08	0.189308057122818
BMP7	4.99360793000721e-09	9.66512419162886e-08	-0.156446442450712
KIF1B	5.07070619701087e-09	9.79881879495154e-08	0.188077084724698
DCXR	5.2494114583959e-09	1.0112154911891e-07	-0.176742498584435
FAM162A	5.45050917112507e-09	1.04665202054954e-07	-0.161167203385981
RPS9	5.64926248475902e-09	1.08141759759188e-07	0.156716046036161
PMP2	5.76574190021077e-09	1.10026571605116e-07	0.183964057869995
FARP1	5.88231679680249e-09	1.12076029702572e-07	0.156761050212622
CBR1	6.23344000215258e-09	1.18029461622154e-07	-0.162635955651189
MDH1	6.9565392356435e-09	1.31111440871781e-07	-0.197295516746438
EMC2	7.05642402785881e-09	1.32789070342434e-07	-0.152009188044124
USP24	7.8082819741937e-09	1.4561384829826e-07	0.173163853964549
CTNND2	7.80947110745599e-09	1.4561384829826e-07	0.157517504535311
DANCR	8.06792119889198e-09	1.49974918724608e-07	-0.197294631358387
EGR1	8.41197145116871e-09	1.5565970808049e-07	-0.210377529244787
SNHG6	8.64343715852135e-09	1.59023096125695e-07	0.173111138133271
ECH1	1.00174286711057e-08	1.83147988563194e-07	-0.165942260489152
PPT1	1.06672020484114e-08	1.94736231116963e-07	-0.15395473469295
SERBP1	1.08848471741688e-08	1.98117196032971e-07	0.181754318695504
NTRK3	1.12852578492191e-08	2.05099485286477e-07	0.158862281956952
TM7SF2	1.13801552722268e-08	2.06516844486932e-07	-0.155838276437742
KMT2A	1.254337692437e-08	2.2628103748498e-07	0.163341632192669
MALAT1	1.35774570376469e-08	2.43855121765855e-07	-0.192703935185484
ROCK1	1.80467121234998e-08	3.16673125236067e-07	0.151670493932341
EIF4G3	2.56109159644501e-08	4.40543826301168e-07	0.168902149276457
TUBA1B	3.16032007541706e-08	5.37562522020453e-07	0.217367009747949
ZFAS1	3.79004580221036e-08	6.38452819067519e-07	0.180195492062693
H4C3	3.84967933350329e-08	6.46714356259638e-07	0.203747332728677
CDH2	3.87093489408199e-08	6.49391866228342e-07	0.158942059896457
PEPD	5.17418769388346e-08	8.51648979857124e-07	-0.153459841881881
SPTBN1	5.49296414462493e-08	8.98066547500727e-07	0.160586198288909
CHST11	6.12507586650776e-08	9.90802007386215e-07	0.180610353146636
SAT2	6.19879368911756e-08	9.9875814413183e-07	-0.167630612957325
HADHB	6.53815439777921e-08	1.04379711973957e-06	-0.167424523892362
PRKACB	6.57487991984926e-08	1.04828992769085e-06	-0.156481028457818
XRCC5	7.10565846273905e-08	1.12996623444573e-06	0.172161236049456
HEY1	7.39044143255695e-08	1.17220079501062e-06	-0.180664720977748
PAK2	8.15020403200043e-08	1.28602638039821e-06	0.188929764782872
TMEM106B	8.76542015046809e-08	1.37599069791345e-06	-0.172152914278717
SOX2	8.94076338050908e-08	1.4017142896811e-06	0.181516785377823
ZBTB20	9.8459450198413e-08	1.53770494280463e-06	-0.159720333784223
HSP90B1	1.05027423050565e-07	1.62986012416334e-06	0.156479845383037
STK17A	1.06627479557286e-07	1.65259061907758e-06	0.164320828520288
CRMP1	1.14149236885741e-07	1.75801340489982e-06	0.159548769249195
NCAN	1.16159872595706e-07	1.78672610076996e-06	0.160183363505811
MPC2	1.3313173901035e-07	2.03414784473819e-06	-0.190210045602143
TRAF4	1.33244761794035e-07	2.03414784473819e-06	0.161854036579365
IMP3	1.35446736050254e-07	2.06518225640669e-06	-0.163516460192021
POU3F3	1.36702644529018e-07	2.08173241600112e-06	0.17854741271451
TMEM59L	1.46263438474126e-07	2.22455214705418e-06	-0.163925252308268
MT2A	1.70277693791935e-07	2.56108555945924e-06	-0.206282039118027
DNAJC8	1.71662542242806e-07	2.57873878033381e-06	0.152172217341303
FIP1L1	1.7984359446368e-07	2.68512202834342e-06	0.166804435015917
CCNI	1.94586365950285e-07	2.88058580284949e-06	0.181662178464524
KLRC2	2.02292788608208e-07	2.98742663515362e-06	-0.16764973896045
GLRX5	2.50484450029282e-07	3.65929017728184e-06	-0.15141689490694
B3GAT2	2.78105310922111e-07	4.02906306321678e-06	0.174917250919262
CFDP1	3.37778126730992e-07	4.83054363204404e-06	0.160715887098181
NUP42	4.27286495501541e-07	5.97076655556101e-06	-0.152669851467443
RRBP1	4.84746871108882e-07	6.71226024586483e-06	-0.158757475857286
SQSTM1	4.96844652883504e-07	6.86421238197537e-06	-0.151229008427653
SOX4	5.00321242302667e-07	6.9044331437768e-06	0.16457112679807
CDC42	5.51303799413474e-07	7.55676015963721e-06	0.167865816511208
SOX5	6.76588028657172e-07	9.15079689256926e-06	0.157796612289568
NORAD	6.83564260523027e-07	9.23492291345988e-06	0.18453512392474
TLE5	7.18978515093341e-07	9.67057775862883e-06	0.174421849741491
SEMA6A	7.28477641691959e-07	9.77681037141088e-06	0.162063128291914
TNK2	7.64958672045142e-07	1.0221064430495e-05	-0.170756472187911
KMT2C	7.65763854409476e-07	1.0221064430495e-05	0.156804069195739
OLFM1	1.01712182097144e-06	1.32431863534373e-05	-0.167389417058214
PRDX5	1.21953129526906e-06	1.57277040223031e-05	-0.15279037920419
ATP1B2	1.31304784977602e-06	1.66523918892155e-05	-0.168563194389849
KCNQ1OT1	1.41431984935761e-06	1.78440995043434e-05	-0.21654353821212
IER2	1.64454966873535e-06	2.0557712491571e-05	-0.16429012153075
ANKRD11	2.21850181661817e-06	2.71216843707284e-05	0.159195092680229
CPEB4	3.42574855741665e-06	4.04343042629961e-05	-0.158879203644907
GPR17	6.08786771211118e-06	6.92323947172875e-05	-0.153183117583424
EEF1B2	6.72832125017719e-06	7.62272610653191e-05	0.15115647714663
ATXN7L3B	8.809507264478e-06	9.78095565646089e-05	-0.153834136339846
