Gene	PVal	FDR	Log2FC
COL20A1	4.6040295480317e-174	5.62290128701111e-170	-0.86483351105721
PCDHGB6	2.1166800595732e-140	8.61700452252248e-137	1.03742803146865
HBD	1.42028958351098e-136	4.33649917085489e-133	0.865320734567072
COL9A1	6.53087546354088e-129	1.59523164072449e-125	-0.709045405394439
HSPA1B	1.25685342067428e-115	2.5583251377825e-112	-0.857874449590144
TCEAL7	6.9257658084465e-103	1.20834825455082e-99	0.7644139902721
GOLGA8A	3.84715142643051e-100	5.87315754637447e-97	-0.60704873141895
AL627171.2	1.24288113819445e-96	1.68658970452986e-93	0.764180589261535
SNRNP70	1.5176952267011e-91	1.85356118037006e-88	-0.578105343026782
COL9A3	2.71860273584102e-88	3.01839047389331e-85	-0.565763403201433
PLCG2	8.51619749597622e-88	8.6673600015298e-85	0.661600746043061
BTG2	2.38661149372946e-85	2.24212970560907e-82	0.662751284174498
SPARCL1	3.09034129174249e-75	2.69588129971793e-72	0.771345210034346
DBI	1.7999191189444e-72	1.46549414664453e-69	0.707548551962355
PCDHGA10	3.70660745639223e-66	2.82929980405739e-63	-0.329312115151599
JUNB	1.64820359346767e-65	1.18408885217768e-62	0.816343481424155
FOS	9.4318381684185e-64	6.39950219727195e-61	0.820623862341595
MT3	2.92948307845498e-63	1.88304088616688e-60	0.699621670469234
APOE	4.18186520846085e-63	2.55365598954662e-60	0.814377438824444
DNAJB1	7.08528808948998e-63	4.12060111604481e-60	-0.554957126206284
SCN1A	1.84240776942153e-62	1.02278754945205e-59	-0.506155326462827
CD63	3.42965243554133e-59	1.82114544327245e-56	0.412565180862544
GADD45B	6.47436580189445e-59	3.29464289743904e-56	0.411571569587275
HSP90AA1	2.82264170397032e-58	1.37891692522358e-55	-0.416568399943438
COL16A1	4.6513430288761e-58	2.18487893891015e-55	-0.352637686669818
GPM6A	2.21348064307824e-57	1.00123107755239e-54	0.321288716669162
BEX3	1.11233718344576e-56	4.85177643622252e-54	0.39488032760105
IER2	1.26550804581766e-56	5.32953440123141e-54	0.737085837584623
ACAP3	1.76593284520992e-56	7.18911261284957e-54	-0.432033424726374
ANKRD36C	5.33418513328736e-55	2.10149687202705e-52	-0.434235995425168
PTN	8.0116267499147e-55	3.05768742177213e-52	0.39176116663686
DDX17	2.83572344217152e-54	1.04947546664366e-51	-0.391738819513319
GRIA2	1.77617282963351e-53	6.38011728479826e-51	-0.284302115680599
MACF1	2.82074021118363e-53	9.84277148548161e-51	-0.466201092864145
RAMP1	3.32468600015741e-53	1.1278997255534e-50	0.572188609859167
FABP7	2.30427698689645e-52	7.60598238945036e-50	0.580032991808827
SRSF11	2.56566439880344e-52	8.24591034278591e-50	-0.429334863649218
H4C5	3.93864737073951e-52	1.23340257279081e-49	0.271342015783906
BEX1	1.62183238649973e-51	4.83108266739542e-49	0.455869510937817
COL9A2	2.93831395163571e-51	8.54419721222068e-49	-0.387922191724503
RPL41	1.4367317733495e-50	4.0806523599808e-48	0.456681536044135
CST3	4.21051951399851e-50	1.16870624601054e-47	0.668893211892025
COL11A1	1.33931223099623e-49	3.63489339492376e-47	-0.382878356061033
GPM6B	3.24397801465466e-49	8.61276162890813e-47	0.330035751494191
PCDH15	2.09733439393044e-48	5.44994573469626e-46	-0.415368519459199
EDIL3	2.34988689937883e-48	5.97899347960701e-46	-0.449154515848679
NR4A1	2.79576133915983e-48	6.96829249697122e-46	0.451746621650836
ACADVL	3.25646621840438e-48	7.95424438507455e-46	-0.32542968216212
CEROX1	4.4816658633713e-48	1.07322716057556e-45	-0.429793767420442
TRIO	1.57864873013513e-47	3.70769941175776e-45	-0.435882709814406
ZFP36	1.67661540484669e-47	3.86349130931935e-45	0.262319497010694
LUC7L3	2.35657375253354e-47	5.32978430364668e-45	-0.309810323337186
SELENOP	4.14173958583565e-47	9.19692101123832e-45	0.30664265015062
SOX6	4.84383890755313e-47	1.05638936746333e-44	-0.374462756239882
PTPRZ1	6.1950693850674e-47	1.32737512982155e-44	0.259760828006712
H3-3B	1.88687639130696e-46	3.97317609776412e-44	0.466889035697687
PCBP4	2.24498596009314e-46	4.6471209373928e-44	-0.326457631655955
HNRNPH1	5.71491057688514e-46	1.16327004792497e-43	-0.379411869303766
GRIA4	1.24885031855123e-45	2.50036212138789e-43	-0.308783409249696
MT-CYB	3.19734550827606e-45	6.29825495041541e-43	0.260656672689372
SFPQ	5.5979679943689e-45	1.08085267956765e-42	-0.344575537124424
GOLGA8B	5.66401142162693e-45	1.08085267956765e-42	-0.357431786592267
PCSK1N	2.11336054067545e-43	3.97084188973373e-41	0.221800396742134
S100B	3.28916445151218e-43	6.08644931004821e-41	0.434229219607915
H3-3A	5.88184851067078e-43	1.07216441583317e-40	0.481489981610669
B2M	8.59476627680067e-43	1.54364530203774e-40	0.399309444740222
C1QL1	3.85543679709836e-42	6.8241231308641e-40	0.586980610008918
SETD5	5.1254759937328e-42	8.94249118735125e-40	-0.358920726197644
MARCKS	1.36359265061719e-41	2.34557141436446e-39	0.375332088924601
SRRM2	1.74334248403907e-41	2.95714468855127e-39	-0.291431965334735
ARGLU1	1.94032391511475e-41	3.24618848976664e-39	-0.334487088925905
HSPA1A	4.85148466048596e-40	8.00691650790743e-38	-0.393391409424216
HERC2	1.27950156439591e-39	2.0835403474623e-37	-0.346935731059822
MYT1	1.45851382990265e-39	2.34379334271066e-37	-0.357008483239291
RPL37A	3.06661100959211e-39	4.86396367014914e-37	0.439346668855945
PLEKHH2	3.66509078752278e-39	5.73868638307894e-37	-0.375732826680953
MYO9B	3.86055009063536e-39	5.9682149692316e-37	-0.285068356396526
ADGRB1	4.42544578986392e-39	6.67258881871704e-37	-0.323973976087928
DST	3.29488550409108e-38	4.90737032456882e-36	-0.387144677222536
LNX1	3.59762007858656e-38	5.29370289394911e-36	-0.375825224157925
SCN9A	7.02216409925913e-38	1.02097250171728e-35	-0.304878270521332
EGR3	7.73379508295189e-38	1.11120987468343e-35	0.271783503874251
TCEAL9	1.07125260934364e-37	1.52130326952486e-35	0.420059476411574
PCDH9	1.73422645803525e-37	2.40683042408914e-35	-0.299275873829064
H2AC20	2.03988220075291e-37	2.79922261997699e-35	0.261148703657425
SRSF6	5.60479633354908e-37	7.6057086246261e-35	-0.302871789626633
TNK2	6.05916611054471e-37	8.13193359429478e-35	-0.344887194170886
CD81	1.13523297903777e-36	1.50702177967264e-34	0.204787267311108
SPG7	7.01287680028874e-36	9.20949079160499e-34	-0.325532129210536
FTL	7.62272839074498e-36	9.90387040810303e-34	0.456582510625893
FAU	1.20508009632825e-35	1.54922560173231e-33	0.411711125043549
SCRG1	2.27383054571162e-35	2.8927387973725e-33	0.331945423124351
MAP4K5	2.40738248990859e-35	3.03106828342821e-33	-0.320434869551135
NDUFA4	2.43865254955729e-35	3.03910852936155e-33	0.368672366023791
H4C3	2.88576203602563e-35	3.55998098444253e-33	0.618725429104655
COX6A1	3.37016455900183e-35	4.11598197590894e-33	0.420881621439515
PAXBP1	3.78213261501345e-35	4.57338471556032e-33	-0.362587520791296
MT-ND4L	1.63326628804796e-34	1.9555961937186e-32	-0.284192297133978
ITPR2	1.88999233805746e-34	2.24101712861124e-32	-0.297668134251678
IGSF9B	3.07712947112897e-34	3.6135559837402e-32	-0.287232452017176
LRP1B	4.46478555446761e-34	5.14419112987858e-32	-0.346448336646471
KAT2A	4.42268377936959e-34	5.14419112987858e-32	-0.22924972728985
HES5	4.53586225241365e-34	5.17724165315214e-32	0.516057396089434
RPLP1	5.08656471536658e-34	5.75205693229371e-32	0.459110774589361
RPL30	5.36224318440682e-34	6.00817211111564e-32	0.436389779315659
BPTF	6.50763586617628e-34	7.22525062123735e-32	-0.369848570760109
PPP2R3B	8.8413351348987e-34	9.72785819842503e-32	-0.276412049280283
FBXO7	9.33826968786085e-34	1.01828828301647e-31	-0.27852304191697
ARC	1.03081112859351e-33	1.11409701889492e-31	0.40598807203045
JUN	1.35194944632779e-33	1.43577031200011e-31	0.448926494294604
COX6C	1.34816592851376e-33	1.43577031200011e-31	0.404579206467395
ARL4C	1.44396214316835e-33	1.5202680736651e-31	0.305101317123593
C11orf96	2.15297211207394e-33	2.24737165852642e-31	0.532577162766642
WSB1	2.23549948027494e-33	2.31374196208456e-31	-0.272273601146463
COX7C	2.64183415690028e-33	2.71132105531286e-31	0.400997868962391
ITM2B	3.68456407452242e-33	3.68849024935592e-31	0.298777553144828
MTSS2	4.55106310315563e-33	4.51887265681624e-31	-0.288840692126949
MARCKSL1	5.05299482509298e-33	4.97679240313392e-31	0.412938523196487
TSPOAP1	5.99622718783697e-33	5.85855381160423e-31	-0.260878988790752
MARK3	8.25341790890095e-33	7.99992007312756e-31	-0.301697424277832
RPS3	8.65644252647942e-33	8.32449862802308e-31	0.237482037137165
TMEM259	1.25377386380447e-32	1.19627657801906e-30	-0.252840274142877
C4orf48	2.18991989150129e-32	2.07329392518645e-30	0.352215722891151
RPS19	2.27840637594578e-32	2.1404751591866e-30	0.28103740160183
ATF3	2.36698697715372e-32	2.20671846961667e-30	0.15829722074062
CD9	2.49551106822621e-32	2.30891489971566e-30	0.403779614864705
ZNF638	4.57416305132745e-32	4.20031980044076e-30	-0.327108080537383
FNBP4	5.5208131185739e-32	5.03176795650321e-30	-0.301882531583683
FOSB	8.65118109762406e-32	7.82643516631723e-30	0.221539100455461
RPL21	1.22617318642124e-31	1.1011215533649e-29	0.402879343823653
TMSB4X	1.28913093391238e-31	1.14920847415123e-29	0.467771586174057
SPATA6	2.11411632171693e-31	1.87099294471949e-29	-0.318040219407667
WASH6P	2.28425966005136e-31	2.0070261315257e-29	-0.234125811104055
SRP14	2.46124573906908e-31	2.14708530080362e-29	0.365348839465803
DDIT3	3.08037691672751e-31	2.66813072936121e-29	0.355269268727528
SNHG14	3.37773541435365e-31	2.90509032503529e-29	-0.37093053560962
PRDX2	4.26118623698515e-31	3.63929143442655e-29	0.324010249094671
LY6H	6.41733442966742e-31	5.44270176316168e-29	0.392158842654314
CHD7	6.54747259014532e-31	5.51477812023757e-29	-0.340989840844361
USP24	1.35282101730299e-30	1.13164404687133e-28	-0.332323318394047
AASS	2.29075769158426e-30	1.90319889029378e-28	-0.282153280422878
TCERG1	3.22694166271831e-30	2.6628809815391e-28	-0.24544457490501
SCG3	3.31024837134468e-30	2.71329284290152e-28	0.244717848606763
RPS18	7.51046125777291e-30	6.1150175560787e-28	0.362678134375207
MT-CO1	9.18942104234346e-30	7.43247676755898e-28	-0.184275988934882
MIR9-3HG	1.30600962794352e-29	1.04936155171541e-27	-0.253876769214245
TTC3	2.47919075925726e-29	1.96612706122136e-27	-0.288912374960308
RPS29	3.54816827437446e-29	2.78205402832893e-27	0.375746928748278
PPP1R14A	3.553593944316e-29	2.78205402832893e-27	0.269160846648399
RGS11	4.02296084537269e-29	3.12945355442908e-27	-0.205972802388006
SNX22	6.30706555942341e-29	4.87520200488849e-27	-0.285947922425159
RBM5	1.2723003774987e-28	9.77270723923998e-27	-0.26556858185236
RPL15	2.27910241476637e-28	1.73966736197136e-26	0.348628661934542
CLU	2.43988605118881e-28	1.85082784740179e-26	0.299046285525641
RGCC	4.07488260817144e-28	3.07200872182702e-26	0.422983827925086
RPL34	4.26734924598168e-28	3.1973703276794e-26	0.37402746110987
ANKRD36B	4.4798480669827e-28	3.33612100256461e-26	-0.186282584121201
CHCHD2	4.71234886475755e-28	3.48799495062327e-26	0.406551683992293
XIST	5.57154719306696e-28	4.09911481138113e-26	-0.29279203416338
LTBP3	7.51858037059581e-28	5.49846838719082e-26	-0.255977302028042
MYCBP2	8.37429999726996e-28	6.0878170158725e-26	-0.319395983382733
LENG8	9.37699310166079e-28	6.73654216179901e-26	-0.231475385589357
EWSR1	1.0141603407988e-27	7.24323990770509e-26	-0.246213957739631
SFSWAP	1.4280563145378e-27	1.00234780284196e-25	-0.229364274348099
RPS8	1.7616284707067e-27	1.2294153435852e-25	0.313542217448219
UBC	2.092304769742e-27	1.45189307686699e-25	0.286505633323609
RPS27	2.18615108720364e-27	1.50844425017051e-25	0.390122421336257
QTRT1	2.36748275473135e-27	1.62438577997382e-25	-0.211333096014577
SUGP2	2.43498908498361e-27	1.66136992708965e-25	-0.268642716691884
TLE2	3.1756203756662e-27	2.15465842488952e-25	-0.179563288820627
RPS27A	3.27392551266089e-27	2.2090857616645e-25	0.370990266095999
RPS15A	4.01685426730919e-27	2.69548577838721e-25	0.243417352045234
EVL	4.81210851204567e-27	3.21149077910458e-25	-0.275996916583624
PARK7	5.03939844254106e-27	3.34490071623663e-25	0.37994815575307
RPS15	5.28272080923415e-27	3.48745239152306e-25	0.313197093491138
GABARAPL2	6.24802663321066e-27	4.08059621772202e-25	0.3138182706367
PON2	6.54644094731916e-27	4.25274911114941e-25	0.364093387284136
POMT1	7.01281888164065e-27	4.53161677256493e-25	-0.196490563413501
RPS14	1.2006609622919e-26	7.71437451082352e-25	0.346225235574698
RPS4X	1.20645667040636e-26	7.71437451082352e-25	0.29890414114632
EGR2	1.84674208403462e-26	1.1747010975164e-24	0.184191396595481
CIRBP	2.60285854307795e-26	1.64708349153425e-24	-0.205019615641481
RPS28	2.86291934146173e-26	1.80231102666351e-24	0.326134982269384
PREX2	3.2211756841196e-26	2.0174471092386e-24	-0.299788125218794
RPS7	3.65346414407284e-26	2.26496231429247e-24	0.27956261272223
DDX39B	4.07608715857485e-26	2.51420467008458e-24	-0.189460546336585
RPS12	4.12790169986118e-26	2.53337002313591e-24	0.355044595611905
LINC01546	5.31833897712665e-26	3.24764369638239e-24	0.253762659103725
FTH1	5.34779615586258e-26	3.24938479858456e-24	0.333184563887057
NDUFB2	6.84292623615385e-26	4.13726030307658e-24	0.374111270559018
ARHGAP21	8.74576686904613e-26	5.26167737791431e-24	-0.294102010356498
SUMO2	8.92025962886783e-26	5.34034955134132e-24	0.243241119529003
RPL8	9.93129436970979e-26	5.91662917742759e-24	0.191631446759076
LINC00342	1.02702774152417e-25	6.08887854720131e-24	-0.255922238822401
UQCR11	1.0449747314968e-25	6.16535091583109e-24	0.403624237124431
MT-CO3	1.28234883481485e-25	7.52948380749698e-24	0.169110073170895
CIT	1.3483637383484e-25	7.87921834279858e-24	-0.223795633765355
UQCRB	1.40470844503124e-25	8.16938297103167e-24	0.386406306190085
DYNC2I1	1.6389095349868e-25	9.48625694350414e-24	-0.216094330911673
CMYA5	1.70850762662209e-25	9.84245454902624e-24	-0.253139849844789
HINT1	1.81594743919948e-25	1.04122845422269e-23	0.281181551239574
UNC80	1.87944452506105e-25	1.07260074694255e-23	-0.225404011594164
RPL7A	2.00393136783764e-25	1.13832622304191e-23	0.274896810838815
NKTR	2.261721969613e-25	1.27881529698535e-23	-0.295580600771247
RPL27	2.40607756628155e-25	1.35416706529938e-23	0.373374041116476
RPL18	3.02537738618158e-25	1.6949052301576e-23	0.310390163125479
DNM1	3.07780735844726e-25	1.7164046241423e-23	-0.226707964336664
PABPN1	3.45187436434004e-25	1.91626098234931e-23	-0.228694563939333
PTGDS	4.60982933960781e-25	2.54750433143123e-23	0.400477847132538
TRA2A	5.17448752784719e-25	2.84666739538729e-23	-0.277684985398542
BCAS1	5.28326239452774e-25	2.89347460198956e-23	-0.30681936417189
NDUFC2	5.46034551217571e-25	2.97710713125902e-23	0.306246975161643
ATP5F1D	5.60488911406318e-25	3.0423338111135e-23	0.248274969230639
RPL9	5.88622786243959e-25	3.18090711875994e-23	0.329244743268563
SEC11C	6.3850268625449e-25	3.43525696353572e-23	0.318637119197824
DMXL2	6.47054898578231e-25	3.46600064751576e-23	-0.202571625642929
TOMM7	6.8653208069364e-25	3.66140449847661e-23	0.368912364736248
RPL18A	7.85944513959663e-25	4.17336536912581e-23	0.255604489905028
UBL5	9.02061711538652e-25	4.76921198399202e-23	0.356502112838795
PCMTD2	9.2580831717136e-25	4.87366249035078e-23	-0.291928362187188
CHORDC1	9.51966401341169e-25	4.96853233315372e-23	-0.189992547580262
ELOB	1.15161538959603e-24	5.98496968218564e-23	0.261662122623647
MCAM	1.1981390572413e-24	6.20036962122371e-23	-0.258845037201415
MUC20-OT1	1.2041233235343e-24	6.20504563304829e-23	-0.242871491514892
NDUFS5	1.30781844825359e-24	6.68300699101302e-23	0.360270107604233
RPS21	1.35686574712629e-24	6.9047505706889e-23	0.319982534716931
FARP2	1.55019920737501e-24	7.8558435351332e-23	-0.241120591550625
RAP1GAP	1.81840546532442e-24	9.1769363421517e-23	-0.212721828383491
ATP5MC3	2.3857795430304e-24	1.19907512588602e-22	0.301096161943421
ATP5F1E	2.55474218350932e-24	1.27873222488522e-22	0.289660514488499
SAMD4A	3.00882896743532e-24	1.49987053793011e-22	-0.185193569369791
ANKRD36	3.18677640217456e-24	1.5821178942991e-22	-0.206197218057459
CLASP2	4.16691377601578e-24	2.06034485613282e-22	-0.252075379941649
RPL38	4.38194987290394e-24	2.15793362087805e-22	0.354813345565428
CDC37	4.50663925916737e-24	2.21042511133378e-22	-0.236101531862227
ARPP21	6.46639482345126e-24	3.15896319915241e-22	-0.267354696988406
PPIA	7.03278143927646e-24	3.42196652262483e-22	0.255853078782313
RPL3	8.91994684286566e-24	4.32298852348882e-22	0.300144312559226
UQCR10	9.13928034436178e-24	4.41177987532373e-22	0.399115406083608
PRDX1	1.01274682012862e-23	4.85046153499249e-22	0.233496031920642
SCG2	1.01246287947423e-23	4.85046153499249e-22	0.288468525795421
RBM25	1.03403805260108e-23	4.93308856891288e-22	-0.290105495100947
LDHB	1.07805581096901e-23	5.12307222543366e-22	0.216305887166599
DOCK9	1.08392194387321e-23	5.13098399245097e-22	-0.172618914356688
CLDN10	1.57065968158592e-23	7.3778718043111e-22	0.222967243914537
ATP5MF	1.68847244416672e-23	7.90088657494563e-22	0.314133693591092
MT2A	1.73679337692792e-23	8.09597614977889e-22	0.442890099978409
NDUFA1	1.7502112628386e-23	8.09671596706359e-22	0.416640617834162
ENHO	1.74786752359596e-23	8.09671596706359e-22	0.332970490065099
DSCAM	1.90139649336823e-23	8.76292655604008e-22	-0.267491911431151
BIRC6	1.95461719378454e-23	8.9743382660491e-22	-0.225095155591616
RPL27A	2.03043962636156e-23	9.28755024597519e-22	0.392232981859583
RPL10	2.18623793501592e-23	9.96288205236918e-22	0.231442723515752
RPS23	2.26888302796528e-23	1.03010663273383e-21	0.310830148017513
PTMA	2.35168995574053e-23	1.06374775664663e-21	0.283259590401058
SPTAN1	2.43352530280452e-23	1.09670274993179e-21	-0.282689945787167
SON	2.45828980349842e-23	1.10379019743111e-21	-0.183430307285017
RPS13	3.37253539690862e-23	1.50874632975989e-21	0.283682524348015
H1-4	3.58412692620372e-23	1.59755263320168e-21	0.294047616648665
PNISR	4.01917669436811e-23	1.78495290793883e-21	-0.210830533911977
ZNF528-AS1	4.17917013280861e-23	1.84928278376781e-21	0.244903591186179
SMG1	4.57939294766105e-23	2.01906592309691e-21	-0.197354543628834
RPS5	4.73902247182596e-23	2.08193098735289e-21	0.331907213409461
TUBB2B	4.76577969436098e-23	2.08618162749931e-21	0.229396031289861
CCDC88A	4.79403107156532e-23	2.09105362417955e-21	-0.285774513748089
COX8A	4.89579933129397e-23	2.12784331790368e-21	0.271687222154507
HIP1R	4.92711637742685e-23	2.13386072047922e-21	-0.266634162929726
RBM6	5.89621171693535e-23	2.54453829324846e-21	-0.217615886053032
AFDN	6.03752825761326e-23	2.59634973979686e-21	-0.210494260169822
SNHG29	6.0885158390682e-23	2.60908926114175e-21	0.151258034585268
IGF2BP2	6.31921064330367e-23	2.69847970582754e-21	-0.185096957159961
RPL19	6.42465785252759e-23	2.73394935027594e-21	0.249761098178633
RPS25	7.42439337012052e-23	3.14840681351673e-21	0.302910726774583
PDE4DIP	8.12832315333282e-23	3.43498998863854e-21	-0.224309164222819
PTK2	8.42804262999374e-23	3.54936843586598e-21	-0.254873366398382
HEY1	8.55029603918138e-23	3.58847991500076e-21	0.318229676507012
GON4L	9.38115587642071e-23	3.9103091030282e-21	-0.168583276139764
HNRNPA2B1	9.34999603708812e-23	3.9103091030282e-21	-0.184104341506801
PEG10	1.01676157229383e-22	4.22371057225324e-21	0.44431574879909
RPL24	1.06399230071125e-22	4.40492812494459e-21	0.284235270000905
GIPC1	1.40394732917811e-22	5.77320159301424e-21	-0.203269645664365
EIF1	1.56365721949371e-22	6.40837101398547e-21	0.250699073194942
FTX	1.66231110374066e-22	6.78990150835608e-21	-0.222521920215472
SPAG9	1.68268137906163e-22	6.85019589415988e-21	-0.256446489019704
USP34	1.92577096614384e-22	7.81376771080224e-21	-0.265885238599086
LRRC4C	1.99183340327881e-22	8.05505342855764e-21	-0.214325650891279
PEBP1	2.28867035153073e-22	9.22492772384318e-21	0.246602419796056
ATP5PF	2.43254310875405e-22	9.77258190368856e-21	0.288685677494923
EEF1A1	3.09486156499518e-22	1.23926374732086e-20	0.264901257233338
KIF13A	3.39523770359419e-22	1.35509928346392e-20	-0.253683738335596
RPL35	3.42140906903935e-22	1.36109670880057e-20	0.27408588945218
TMBIM6	3.68746930814758e-22	1.4621773591041e-20	0.202423202990841
TENM1	4.20086658526628e-22	1.65500592276958e-20	-0.227005402727793
BEX2	4.59886908633459e-22	1.80598032641172e-20	0.307658952914154
NPDC1	4.750423710531e-22	1.85951681976651e-20	-0.171775117040812
MMP16	5.98304053402144e-22	2.33453271699693e-20	-0.286520481812244
RBP1	9.11652792168763e-22	3.54586482508188e-20	0.332648913255804
RPL35A	9.52083210838179e-22	3.69136262030688e-20	0.314256001481496
GPX4	9.86618834084243e-22	3.81315690527559e-20	0.29309999316283
RPL32	9.97161899327238e-22	3.84174709037336e-20	0.304568729573817
JUND	1.11450793607216e-21	4.28034132806582e-20	0.293136915638832
DOCK10	1.17919870710785e-21	4.51459367081762e-20	-0.218567303595792
COX6B1	1.19390702079727e-21	4.55662076406159e-20	0.31493502118937
PGRMC1	1.22523544664092e-21	4.64714301547377e-20	0.181265433680181
ZNF428	1.22281209544189e-21	4.64714301547377e-20	0.232497927785781
COX5B	1.45645770282232e-21	5.50703341317925e-20	0.309331476170629
SNHG9	1.47047609844484e-21	5.52582295086363e-20	0.298202440006165
HERC1	1.54696603061438e-21	5.79542826131701e-20	-0.199403096191929
NOVA1	1.64290683284377e-21	6.13603093257523e-20	0.182283919647989
ERBB3	1.68726634915464e-21	6.28249509823952e-20	-0.199172628293242
TMA7	1.97438416748414e-21	7.30701631438902e-20	0.27810721875382
RAB2A	1.97202520957608e-21	7.30701631438902e-20	0.291397324849537
ATG2B	2.02525470539343e-21	7.4726391894169e-20	-0.170938532867809
EXOC7	2.34639817506333e-21	8.63149425061701e-20	-0.210477067138107
MGST3	2.74930179636211e-21	1.00832501017929e-19	0.218993660218005
RPL39	2.82987589429743e-21	1.03476869152858e-19	0.292769140336044
SPPL2B	3.14718452022236e-21	1.14736013568584e-19	-0.184251064552905
RPL36	3.21263806585811e-21	1.16773656840253e-19	0.304108841472169
PCDHGC3	3.52715246126109e-21	1.27825261155435e-19	-0.215498984438875
LINC01003	3.62890885497834e-21	1.31123857532102e-19	0.332696755454064
PKN2	3.78287235892892e-21	1.36283835161059e-19	-0.240877894404861
LUC7L	3.95074379837868e-21	1.41913041204703e-19	-0.222789207439784
P2RX7	3.9719556440419e-21	1.42256581468281e-19	-0.213619572112061
CCDC85B	5.04256679133797e-21	1.80072714101201e-19	0.35032811263142
TAOK3	5.40726405102861e-21	1.92533282376712e-19	-0.176931015009514
SH3GLB2	6.49557045667171e-21	2.29278618460496e-19	-0.183151794309005
ATP5MD	6.58654990689082e-21	2.31819982745987e-19	0.322199083801513
KCNQ1OT1	7.60182439164479e-21	2.66784716365396e-19	-0.376277638623083
SRSF10	8.17206278550349e-21	2.85401276049154e-19	-0.176479731534684
RPS26	8.17902617024514e-21	2.85401276049154e-19	0.276503968918996
DAD1	9.07636909600497e-21	3.15811099058429e-19	0.307688471174056
RABAC1	1.02913907832426e-20	3.57070328510629e-19	0.176742251959836
BTF3	1.08999235518767e-20	3.77112652518612e-19	0.257566799430441
S100A16	1.22924492899679e-20	4.24089500503894e-19	0.348655972400924
SAPCD2	1.48628110214077e-20	5.11322566209724e-19	-0.213250114138272
MYL6	1.49212045983541e-20	5.11889527414883e-19	0.161104052818454
ATP6V0E1	1.50063216199508e-20	5.13367523653948e-19	0.323879800735229
AGAP1	1.53659374866144e-20	5.22741488924851e-19	-0.241572474483111
PHLDB1	1.65801045018998e-20	5.6248004522695e-19	-0.22847740495421
KAT6B	1.73891406160327e-20	5.88292449705282e-19	-0.20923789617813
TARBP1	1.87157633316848e-20	6.31424357927807e-19	-0.17467777064191
BTG3	1.89293309401069e-20	6.36870299646075e-19	0.319898834469532
NDUFB11	2.26021677605234e-20	7.54208401254842e-19	0.296344707079582
PSMA3-AS1	2.25527631564088e-20	7.54208401254842e-19	-0.187226183540097
DNAJC1	2.29226874234618e-20	7.62819568127354e-19	-0.191257429705055
GAPDH	2.65919175835817e-20	8.82519264805118e-19	0.179692533558911
EGR1	2.78543891247642e-20	9.21912342495245e-19	0.198296451305299
RPL37	2.86520642066664e-20	9.45750432854099e-19	0.262919480077573
MAP4K4	3.27439476225452e-20	1.07790251297613e-18	-0.246158949758269
RPL36AL	3.29404131387637e-20	1.08145501522506e-18	0.317609021635526
EID1	3.69730068088984e-20	1.21059338379913e-18	0.272335106831385
RHOT2	3.90102490063571e-20	1.27388281046695e-18	-0.1562327377186
NKX2-2	4.08744983833781e-20	1.33120066334986e-18	-0.176420739963522
GSTP1	4.27475716861188e-20	1.38850024734726e-18	0.237068107468037
RPS3A	4.85505642427976e-20	1.57280647505912e-18	0.229000273901491
SPCS2	5.00039976059236e-20	1.61560535121996e-18	0.261150535952415
CAMSAP2	5.08999255279486e-20	1.6402131674745e-18	-0.228924497160273
NPEPPS	5.20782252753738e-20	1.67376675075826e-18	-0.198243649039877
SELENOK	5.59754898484114e-20	1.79430093836916e-18	0.359455368849552
LRP6	5.88074445946226e-20	1.8801448189375e-18	-0.228218265915914
PHLDA1	6.31016031463467e-20	2.00692676881857e-18	-0.164915040535586
CTTNBP2	6.59057654173022e-20	2.09066782608185e-18	-0.241904524064352
H1-2	6.60845930952414e-20	2.09090967738907e-18	0.30507275292534
DDX46	7.77535073745085e-20	2.45375603505135e-18	-0.22753357029564
SLC25A5	9.24668224969223e-20	2.91056005967761e-18	0.175984556821557
RPL31	9.48032202156888e-20	2.97643117864835e-18	0.349571351233782
UPF3A	1.04542923549066e-19	3.27380185975575e-18	-0.259438098993995
ATP5MC2	1.13313369533378e-19	3.53034740334477e-18	0.299560803010051
PSMB1	1.20950651265887e-19	3.75870306338492e-18	0.248901218714227
GCSH	1.24858660463825e-19	3.87030157422511e-18	0.312371630194197
PLCB1	1.26101711946206e-19	3.89893723544054e-18	-0.215647095065346
COX7A2	1.27423063131543e-19	3.92984310612508e-18	0.264969122906359
PMP2	1.30219381952617e-19	4.00596803976652e-18	0.338579526867334
LRRK2	1.55069057545996e-19	4.7584381904755e-18	-0.232890788419376
CAPN2	1.68148940051585e-19	5.14687469887219e-18	-0.166006025055122
AC140912.1	1.912711079443e-19	5.83998510330935e-18	0.254380469756481
NBEA	2.55079862544701e-19	7.74667859213832e-18	-0.177823228886005
NDUFC1	2.83819630488126e-19	8.53765799791006e-18	0.335609515832384
RGL2	2.85993644756154e-19	8.58191740394819e-18	-0.154187422568908
ATP5MG	2.98595828729708e-19	8.91626126228833e-18	0.343047481738468
TNIK	3.17329911491567e-19	9.4525614854793e-18	-0.151293901099439
B4GALNT4	3.21874261974989e-19	9.56459941970935e-18	-0.181485839813175
UBA52	3.35968579896343e-19	9.95918511231562e-18	0.312521867286609
SGIP1	3.37064362841123e-19	9.96747472973035e-18	-0.161546141029586
STMN4	3.6841414385468e-19	1.0842028768427e-17	0.278626073746633
EPB41L2	3.69917204280178e-19	1.0860093307389e-17	-0.199109073569477
ATP6V0B	4.27380016176218e-19	1.2498251647033e-17	0.257910457310463
AC092691.1	4.27762972935379e-19	1.2498251647033e-17	-0.211034392502463
RPL28	4.46332291237316e-19	1.30096808421989e-17	0.231886857901989
CSMD1	5.927622211658e-19	1.71957363589024e-17	-0.197853400369647
RPL26	6.64366713241631e-19	1.91631896867092e-17	0.253356355212651
HECTD4	6.84971253079825e-19	1.96374505020279e-17	-0.15820512080306
RGS12	6.95543190147237e-19	1.98473574328696e-17	-0.164611991651086
SOX5	6.98135674046698e-19	1.98748974059029e-17	-0.240896538711824
ERH	7.28729875343235e-19	2.06976231803882e-17	0.233094110312473
PKD1	1.02907607039203e-18	2.89587696951564e-17	-0.166510489586807
SHC2	1.04993577345192e-18	2.94778519567088e-17	-0.188369361397168
SRI	1.08758880310753e-18	3.04649588356704e-17	0.257436414620757
ASH1L	1.11216514658931e-18	3.10111254230486e-17	-0.242587475434008
ATAD2B	1.22212331677588e-18	3.38453334870382e-17	-0.16320868422336
UBR5	1.22195923954009e-18	3.38453334870382e-17	-0.178571426264637
NDUFB4	1.23463476748583e-18	3.41144670029512e-17	0.32432465284314
MALAT1	1.31811925722316e-18	3.62571857848343e-17	-0.24707796088274
RPL11	1.72462373062611e-18	4.73322013980599e-17	0.25109446300297
MAN2C1	1.73604101194461e-18	4.7538719459371e-17	-0.153166129998999
NSD2	2.15854002932229e-18	5.8844306647574e-17	-0.155121494645822
TRAF4	2.30048604497361e-18	6.22967540294074e-17	-0.189787961778791
MPDZ	2.3638995904407e-18	6.38723577390536e-17	-0.225053501607873
CHD3	2.42248213283798e-18	6.53107600184332e-17	-0.170716012409209
BDP1	2.44337377661605e-18	6.57289073431977e-17	-0.212283272893702
SIPA1L2	2.89799819657378e-18	7.76167806463939e-17	-0.167429229659051
SCAND1	3.10376020503439e-18	8.29457842102518e-17	0.338678222962181
DSTN	3.15263386772724e-18	8.40679419793728e-17	0.274463813674064
RERE	3.2480085226234e-18	8.64225012784305e-17	-0.199506695101837
TNFAIP6	3.48612750134512e-18	9.2156006869974e-17	0.169653115483266
CTNND2	4.02506818521998e-18	1.05944305487266e-16	-0.19843334109377
EIF4G3	4.05988458228894e-18	1.06402082410933e-16	-0.205928193236319
TPT1	4.3598109325362e-18	1.13774296835608e-16	0.233488170107849
ATOX1	4.3978709754292e-18	1.14522810709844e-16	0.290626039126683
ANKRD10	4.47066954709796e-18	1.16170823784484e-16	-0.184346515941105
AHI1	5.46836657223475e-18	1.41493985056574e-16	-0.214802699045003
KRT10	5.66798468123569e-18	1.46349042097107e-16	0.322788116921579
RPS9	5.88084611726962e-18	1.51524838882308e-16	0.290250911833248
NRDC	5.94143332685062e-18	1.52763632043846e-16	-0.222209471275198
BRWD1	6.08360225118678e-18	1.56090408180135e-16	-0.181303122497555
ACIN1	6.18750993169239e-18	1.58423603345407e-16	-0.187752289694073
TMCO1	6.47611154542521e-18	1.65466004820666e-16	0.331985171494986
SPRY2	7.18968390569e-18	1.83044108063128e-16	0.300906825831412
TMEM258	7.58016025313825e-18	1.9246673008644e-16	0.322555935568713
ZC3H7A	9.37639722945334e-18	2.3611121518209e-16	-0.192851154118335
SCD5	9.79642401693646e-18	2.46180507240422e-16	0.226736537252754
YWHAB	1.00904786917846e-17	2.53049314707937e-16	0.201170938424788
ATP5ME	1.16512177620737e-17	2.9159082485288e-16	0.330960174958799
HOXB2	1.53120589166533e-17	3.82425716869297e-16	0.178525134040711
AKAP8L	1.63782682144141e-17	4.08219978984979e-16	-0.167235847920453
RAB9A	1.66629626169076e-17	4.13627565935553e-16	0.32832570921029
MRFAP1	1.86321386272357e-17	4.61570606601277e-16	0.294394423904093
SBDS	1.91027926271921e-17	4.72272077643517e-16	0.344729279704062
RPL29	2.23093992959782e-17	5.49323979035849e-16	0.160577550722892
S100A6	2.29769726095134e-17	5.64623272595549e-16	0.193360309163329
SUB1	2.56104671321368e-17	6.28073564427282e-16	0.247059468799152
PCM1	2.776881741533e-17	6.79640415016884e-16	-0.233525381074884
PXDN	3.29560343555863e-17	8.0498409516955e-16	-0.176564615814598
MPRIP	3.35855381434746e-17	8.18722908874762e-16	-0.151423955355665
TMEM59	3.56597891857947e-17	8.67555787502213e-16	0.171043792076832
CFL1	3.59183095402411e-17	8.72107980944264e-16	0.210131670533449
NACA	3.67718560460062e-17	8.91060868829115e-16	0.227912879817528
ATRX	3.7115879221449e-17	8.97616302834765e-16	-0.248509641281466
RPL6	3.76868328897693e-17	9.09623102930341e-16	0.232736918986103
RPS24	3.81331754637851e-17	9.18580812503368e-16	0.244675908012602
SELENOM	4.26269293885759e-17	1.02078958553466e-15	0.248689831562278
TSC22D1	4.55611550536291e-17	1.08679372396479e-15	0.199585915568163
DPP10	5.10844750753758e-17	1.21616899433833e-15	-0.188307626391267
SPTBN1	5.85548740999263e-17	1.38591216546977e-15	-0.206144132647325
MPC2	6.16865732740883e-17	1.45159560577349e-15	0.331093478282887
CALM1	6.24318768123764e-17	1.46630867597991e-15	0.229935922876643
SYNE1	7.12505132647437e-17	1.6643683609467e-15	-0.252164459706419
DHRS7	7.12736144088369e-17	1.6643683609467e-15	0.217168809524213
RPL5	7.24134013412938e-17	1.68775738660538e-15	0.217891093789786
SKP1	8.56644008318553e-17	1.98523591529307e-15	0.220023022742143
HSP90AB1	8.65840168167005e-17	2.0027473435272e-15	-0.193839114454971
RALGAPA1	8.95634858369279e-17	2.06774830345255e-15	-0.18215531018105
FIS1	9.09506286503296e-17	2.09208366663026e-15	0.293059784019391
PPP1R9A	9.12428478824218e-17	2.0946407917068e-15	-0.212628382044887
CSPP1	1.02008646775001e-16	2.33301798326422e-15	-0.157733805396702
PHIP	1.06093854682794e-16	2.41739598365851e-15	-0.20028361717037
C1QL2	1.16543313616063e-16	2.64561986838843e-15	0.215559452714682
SIK3	1.21555607331626e-16	2.75428317688524e-15	-0.192070377182973
ST3GAL6	1.24482702352843e-16	2.81017974830919e-15	-0.180315761418854
ATP6AP2	1.35206314971591e-16	3.03543147931626e-15	0.223333860743415
CKB	1.71375076521841e-16	3.80546147192954e-15	0.272066053913733
ALDOC	1.86326199504411e-16	4.11501243136957e-15	0.18971428995274
SCAPER	1.87698842111898e-16	4.13784330598082e-15	-0.151527307079577
GRID2	1.98733476887742e-16	4.36534523962229e-15	-0.210393649532637
NDUFB7	2.02081813167558e-16	4.43092492677807e-15	0.252387712532592
FGF12	2.07303994518814e-16	4.53728258971017e-15	-0.249212553485417
CD47	2.3530221197687e-16	5.12254173774246e-15	-0.15572121020313
ARHGEF4	2.55504441674278e-16	5.55244794691808e-15	-0.160105418326209
MT-ATP8	2.61992609244506e-16	5.68333168153312e-15	-0.256553136861795
LAMTOR5	3.2016882536312e-16	6.9207466622297e-15	0.306658737014063
N4BP2L2	3.5659587049794e-16	7.69453244945467e-15	-0.210060643520364
ZFP36L1	3.67924641319192e-16	7.92497997254197e-15	0.305202884889778
RPL23A	3.71613723914203e-16	7.9903493136693e-15	0.317839698180009
HSBP1	4.06944576899771e-16	8.73464695549545e-15	0.254643939094799
POMP	4.21869146272675e-16	9.03910154987399e-15	0.311902355942518
SOX4	4.55622893383695e-16	9.71120837154462e-15	0.299463383050657
DUSP1	4.87655211337708e-16	1.03398144028948e-14	0.239684690444336
VBP1	5.07706017745971e-16	1.07091771929733e-14	0.329739300449668
SNX3	5.47717762185181e-16	1.15133855930596e-14	0.2608218818469
RARRES2	5.62018945867649e-16	1.17734775058003e-14	0.244259976380885
HES1	6.04418204727472e-16	1.2596859273612e-14	0.311365382751132
APOO	6.27315116742516e-16	1.30517879399938e-14	0.212173696840185
CCDC14	6.42755090485681e-16	1.33276195587464e-14	-0.171136213604461
ARL6IP5	6.54747823909771e-16	1.3542769032559e-14	0.199495912130379
H2AZ1	7.50867552223444e-16	1.54643261640892e-14	0.279371355565772
FSIP2	7.61323644463609e-16	1.56532755384412e-14	-0.214314172886012
GTF2I	8.21642192045218e-16	1.68367719655172e-14	-0.189469180286408
TUBA1A	8.21261546340337e-16	1.68367719655172e-14	0.233578606773074
TMEM176B	8.56895820627791e-16	1.75297632451042e-14	0.177051668787362
PLEKHH1	8.67243368159975e-16	1.77117780189595e-14	-0.151658256873265
CREBZF	8.83966412898901e-16	1.80231749594896e-14	-0.180340888352352
SLC44A1	9.13224216565511e-16	1.8588678928191e-14	-0.203633475639919
CEP290	9.18238642919526e-16	1.86596481630219e-14	-0.161553187694078
DYNC1I2	9.53437345672628e-16	1.93106638519068e-14	0.263004718076756
CAMK2N1	9.72967972769536e-16	1.96736057142953e-14	0.29396645517546
CALM2	1.01884570857321e-15	2.05332716811957e-14	0.185748618899201
DYNLL1	1.20138645141712e-15	2.40139651901101e-14	0.219484756911914
NDUFB6	1.21615685765785e-15	2.42694831741427e-14	0.266723860357452
PHF14	1.26209120718876e-15	2.51041040934793e-14	-0.216617169842898
PENK	1.27263307336151e-15	2.52726304470962e-14	0.162864376750713
BCHE	1.34440586896452e-15	2.65558929671001e-14	0.186788347000655
SERP2	1.34408989783222e-15	2.65558929671001e-14	0.186777426819537
OST4	1.38173558087724e-15	2.7217962337506e-14	0.277621804605059
MED13L	1.54228423616725e-15	3.01857650261389e-14	-0.190802665179939
NDUFB1	1.58002326650823e-15	3.08749186461841e-14	0.308890940348796
NFIA	1.6109624153685e-15	3.14292076340185e-14	-0.219898268747256
PPFIBP1	1.70900765649873e-15	3.31303341409825e-14	-0.174953880388186
SPCS1	1.71511801627432e-15	3.31960956145139e-14	0.238684481766353
DYNC1H1	1.8068019173484e-15	3.49153035072404e-14	-0.206573130945285
NIN	1.91910784760725e-15	3.69685554303271e-14	-0.159016975839238
UQCRQ	1.94109479641863e-15	3.73332137774184e-14	0.295406030448644
RAN	1.9498687587504e-15	3.74429986644947e-14	0.167999277800347
KMT2C	2.2255627858863e-15	4.2536460569686e-14	-0.222975544026562
SIRT2	2.23472059437937e-15	4.26447540924301e-14	-0.180227789158695
CLTA	2.36862553643366e-15	4.50592269103805e-14	0.209075894216127
SOD1	2.51271084650568e-15	4.75778877029053e-14	0.263123657948211
GPBP1	2.56633673433156e-15	4.85180658458071e-14	-0.190495205983073
ZNF518A	2.74866719851883e-15	5.17249190993998e-14	-0.168959847564769
KMT2A	2.93937509346112e-15	5.50411276798803e-14	-0.186097480518764
PCDHB2	2.94961717745544e-15	5.50820712358766e-14	0.254522772742812
RPS2	3.02215368005798e-15	5.62645775831525e-14	0.215625771253273
SF3B6	3.074465787136e-15	5.71513708649802e-14	0.293316536764746
GATM	3.09295692824095e-15	5.7407724870223e-14	0.164195786878527
SERF2	3.15358436815028e-15	5.84441970989672e-14	0.219641368978733
ILF3	3.19054581659178e-15	5.90396000879324e-14	-0.185676507708698
AKAP9	3.45222024805136e-15	6.36887702257571e-14	-0.237366827635922
PCSK7	3.49230698912791e-15	6.43311391526683e-14	-0.157407906677007
CPLANE1	3.57067775771831e-15	6.56757341189966e-14	-0.189433140410071
PCDH7	3.64057803589789e-15	6.686072113146e-14	-0.190036283944384
BAZ2B	3.7696619906815e-15	6.91274502885783e-14	-0.20817546758484
COPS9	3.93918758565777e-15	7.19122540861559e-14	0.301533490029013
SLC1A3	3.98181701669202e-15	7.25819869027756e-14	0.247305923858827
LARS1	4.03154092294843e-15	7.33788514038289e-14	-0.220624479189401
SHPRH	4.13259356020632e-15	7.49945990353636e-14	-0.208000377163291
CHKA	4.23558432517077e-15	7.67495420820632e-14	-0.161733169839288
CCNL2	4.56006725259595e-15	8.23847653194592e-14	-0.168158783426258
DOCK1	4.63182996658926e-15	8.35576652613806e-14	-0.195481541021919
ZEB1	4.80821304655809e-15	8.66116606749469e-14	-0.225397396241139
BEX5	4.97927386146928e-15	8.94292230443004e-14	0.267341941839891
ANKRD11	5.85360557038585e-15	1.04212951648866e-13	-0.232136455764903
SCN2A	6.02491891602795e-15	1.07106746319431e-13	-0.154644060916073
TCEAL6	6.32564320105733e-15	1.12126386668379e-13	0.188482322602193
MAP3K4	6.62414113286896e-15	1.17077620341141e-13	-0.153632897954467
GOLGA4	6.72709049239184e-15	1.18725370207488e-13	-0.210016370419193
OGA	7.28868798606434e-15	1.2808164945871e-13	-0.159837482596412
ASIC1	7.53303774969302e-15	1.31995681545195e-13	-0.166327769622262
VPS13C	7.88306473959941e-15	1.37931045364939e-13	-0.198746751175828
RBM28	9.16799585775098e-15	1.59727151798449e-13	-0.163676085861719
COX7B	9.40070598273874e-15	1.63548179725339e-13	0.296044247317852
RPL10A	9.69278350996653e-15	1.68389708402875e-13	0.198720464856365
TBCA	1.04856397143254e-14	1.8138968531311e-13	0.282739475336606
MDM4	1.08857483817921e-14	1.88044759528751e-13	-0.170563431312594
ANKRD26	1.27217488217444e-14	2.1914064648796e-13	-0.191721794690607
TPM1	1.37360735128738e-14	2.35947490594553e-13	-0.190331344965665
BOD1L1	1.40310350401842e-14	2.40001443901638e-13	-0.204568053472417
REV3L	1.40243066885525e-14	2.40001443901638e-13	-0.235771228529385
NDUFA13	1.6091384014546e-14	2.74474962248115e-13	0.151645604404337
MYL12B	1.7142555988344e-14	2.91997261207316e-13	0.214963360979878
SELENOW	1.73387538412742e-14	2.94927856077272e-13	0.195209593787627
RPS6	1.81650175399048e-14	3.07696753418664e-13	0.232886302088856
NDUFA3	1.83448087540092e-14	3.09882640819799e-13	0.24204759718392
RPL22	1.90878687120989e-14	3.21989144448707e-13	0.297123220376135
CXADR	2.03263850563273e-14	3.41936832910365e-13	0.276386225852317
KMT2E	2.28939124251455e-14	3.82275022177428e-13	-0.224163773709192
COMMD6	2.29120868119117e-14	3.82275022177428e-13	0.265087524333017
BLOC1S1	2.468769782083e-14	4.10777729544682e-13	0.224458968160873
ASAH1	2.84601110857806e-14	4.70980131017126e-13	0.17457823629855
PTPRD	3.22740451866898e-14	5.30501902913921e-13	-0.212525735934191
SEC61G	3.61225752336768e-14	5.89792795894244e-13	0.245203195992114
BCAS2	3.61807203186735e-14	5.89953454274979e-13	0.192077962218088
NCOR1	3.85730834304149e-14	6.2562160416422e-13	-0.192398851618367
AC131097.2	3.91293394963665e-14	6.32962414925992e-13	0.276421296616837
FUS	4.11725221283637e-14	6.64253649608594e-13	-0.198092470504983
ATP5MPL	4.15438015704526e-14	6.69359430844245e-13	0.268662463684338
EEF1B2	4.17198589489806e-14	6.71310457633597e-13	0.151203356704135
CBX1	4.19550549838053e-14	6.74206692785808e-13	0.257121778835257
BRD2	4.65765744128243e-14	7.41642377188818e-13	-0.205121509825873
COL6A1	4.7025945398936e-14	7.4782274890261e-13	-0.161065527958558
IRF2BP2	4.84373318001628e-14	7.68266406851154e-13	0.183500546951755
TM4SF1	4.88919014531419e-14	7.73467347729562e-13	-0.169965415057083
TTC17	4.88865660939086e-14	7.73467347729562e-13	-0.153947902483852
PCNX1	4.8980239462822e-14	7.73862437981172e-13	-0.151446248094296
GIHCG	5.4658191154353e-14	8.5802119353228e-13	0.157497852521994
IL1RAP	5.93025748587232e-14	9.28541470191778e-13	-0.181352960765497
FAM89A	6.04949940876745e-14	9.45999184113661e-13	-0.154484641600032
CSMD3	6.13547982767103e-14	9.58217584850976e-13	-0.19296561378678
ZMAT1	6.38931878275482e-14	9.96586849218194e-13	-0.156758224347792
FGFR1	7.38018304301367e-14	1.14093893043451e-12	-0.184100790447724
RNF144A	7.73070462646185e-14	1.1921097929669e-12	-0.150972497768147
TIA1	8.65892438466938e-14	1.32853572248702e-12	-0.182847780123248
TAF1D	8.7309654423263e-14	1.33790816746714e-12	-0.179742747953099
NAV1	9.16484311148199e-14	1.402280119419e-12	-0.223219779470599
MDK	1.02872127931425e-13	1.56071714090247e-12	0.189302570865727
GADD45A	1.03342495916379e-13	1.5659080677751e-12	0.209138623759562
KMT2B	1.07549694463128e-13	1.62562428029478e-12	-0.15460242124438
NENF	1.09092197413714e-13	1.64690112115412e-12	0.200266410030299
SOX21	1.14102630404082e-13	1.71829275601116e-12	0.152429884848952
AKT2	1.17461747997031e-13	1.76669991168441e-12	-0.176088080157564
OGT	1.19897146053226e-13	1.80111174015751e-12	-0.154372647548153
ZFYVE16	1.25960465215515e-13	1.88293165443951e-12	-0.163631868171211
AGO3	1.26861921354934e-13	1.89408880868926e-12	-0.162880778675054
MAP1B	1.29197750684672e-13	1.9242586940389e-12	-0.184033943535004
ZEB2	1.33531317655042e-13	1.98396348238567e-12	-0.176718167138791
NEDD8	1.34240071919671e-13	1.99207047187721e-12	0.221455623879166
RPS10	1.47501252632186e-13	2.18091137820447e-12	0.16202300103726
RAC1	1.56356116881697e-13	2.30904142137385e-12	0.195733182824021
NSD3	1.60791260120361e-13	2.36881020488537e-12	-0.182604522869216
NDUFAB1	1.61792360650588e-13	2.38068686822364e-12	0.279119198493298
COX4I1	1.71572909540427e-13	2.50948496313441e-12	0.222228553885658
NDUFB8	2.11551562834531e-13	3.05760856437649e-12	0.204184885764878
PSMB6	2.35332636886914e-13	3.38529740200222e-12	0.19178639006356
POLR2J3.1	2.52780671991088e-13	3.60234579583099e-12	-0.205931376166524
ATP5F1C	3.47314827967577e-13	4.87000140247271e-12	0.195970808898872
RBM26	3.52633623623024e-13	4.93889271250916e-12	-0.176418608898514
DIAPH2	3.61468071768294e-13	5.05104068707801e-12	-0.152443582302986
RPL12	3.89119446626109e-13	5.42501803840716e-12	0.252298162205402
U2SURP	4.44049220468355e-13	6.15570162267879e-12	-0.197587365148954
HLA-C	4.53394450933259e-13	6.27101520866125e-12	0.273717951704756
UQCRH	4.68115570493702e-13	6.45999487281309e-12	0.286828737424822
COPE	4.96526984506163e-13	6.82892349298847e-12	0.155505695807336
RBM39	5.14425711930452e-13	7.05919238180518e-12	-0.175270648117241
PTGES3	5.39544735391531e-13	7.39557783763948e-12	0.241006346118295
GHITM	6.62305549277242e-13	8.96755839614518e-12	0.183075152093188
NDUFA11	6.89760722214775e-13	9.31863683673567e-12	0.267432645998832
SENP7	6.91997554106015e-13	9.33852610861521e-12	-0.176348112939556
BRK1	7.10542703321903e-13	9.55711237408635e-12	0.169729632788728
TACC2	7.54340710210405e-13	1.01128025178921e-11	-0.16454315771098
VCAN	7.7817683648459e-13	1.03867472174714e-11	-0.187966775969348
BEX4	8.56516887386079e-13	1.13579161190512e-11	0.17773706555622
GDI1	9.27026134979768e-13	1.22529980373462e-11	-0.15124175412843
GOLGB1	9.67840638437274e-13	1.27648355477694e-11	-0.17670151352847
PCDH10	9.86582250306401e-13	1.29979816860756e-11	0.251086610966883
KCNJ16	9.93494188298002e-13	1.30749402173314e-11	0.198892244607224
TALDO1	1.10341049535237e-12	1.44436788635997e-11	0.269426901203089
EIF1B	1.14217019371558e-12	1.48872193979172e-11	0.249851015725589
NKAIN4	1.14507775046427e-12	1.4909205294691e-11	0.177781215822627
TTC14	1.16101271826404e-12	1.50684891903919e-11	-0.168187983741653
EMC10	1.1831998840515e-12	1.53076484999163e-11	0.185377546706184
NDUFB5	1.21557378464581e-12	1.56436276416009e-11	0.19621659589765
SCN3A	1.23856688476799e-12	1.58893039534364e-11	-0.17465549998459
ASCL1	1.27888319304804e-12	1.63612571886301e-11	0.288373451363386
MRPS33	1.3440586514256e-12	1.71704898638712e-11	0.170297364622496
YWHAE	1.38789956982178e-12	1.77120349490422e-11	0.16111453922274
VDAC1	1.41772732360564e-12	1.80738035523963e-11	0.189671052348814
C1orf122	1.467746898308e-12	1.86919633670861e-11	0.154915276185407
MTPN	1.49618147400368e-12	1.90342336895906e-11	0.263551847135844
CHD9	1.56747327612597e-12	1.98790769691864e-11	-0.196908820360846
ZNF207	1.5913240195963e-12	2.01606226673544e-11	-0.177184626594522
CCND1	1.63673948800968e-12	2.07020918275604e-11	-0.188140831243055
FXYD6	1.81061138929008e-12	2.27032822355233e-11	0.15239734766098
RIMS2	2.18598180921638e-12	2.71080037098578e-11	-0.163236009638566
EDF1	2.25817751887116e-12	2.79140911315521e-11	0.156347008035046
SRSF2	2.79685936953256e-12	3.42952243776116e-11	-0.163299910412872
PET100	3.39664321500416e-12	4.13179318574161e-11	0.242332547851989
SNRPF	3.68212115664725e-12	4.46698768097413e-11	0.245182194831424
DYNLRB1	3.83149354699304e-12	4.63307234548772e-11	0.245014738338164
ZFP36L2	4.01438878238656e-12	4.83508187369694e-11	0.270220572157911
MT1E	4.06339172840837e-12	4.88928110138437e-11	0.200914662779747
TCF25	4.12320591826487e-12	4.9563694763552e-11	-0.187460320006
RPL13	4.67306169461978e-12	5.58435444974475e-11	0.178666579267127
RPL23	4.67807745432751e-12	5.58488367054759e-11	0.286719311584322
LINC01351	4.76307405278542e-12	5.68080306705745e-11	0.184447441308344
GABPB1-AS1	5.03238215379718e-12	5.96703720818689e-11	-0.17573272587297
SPEN	5.24534038375762e-12	6.20148519911247e-11	-0.158592743121277
ARL2BP	5.72529991460514e-12	6.74933280473673e-11	-0.152600793611209
NDUFA5	5.84416086469637e-12	6.87617886710374e-11	0.228904690292935
ATF7IP	6.49836884377562e-12	7.59469652526619e-11	-0.161161145251721
NME3	6.60659806522075e-12	7.71380326678212e-11	0.195786385015552
ZNF22	7.29857390079965e-12	8.46509810545737e-11	0.218373744880503
CREM	7.32443715619954e-12	8.48703519816555e-11	0.171997612110926
SLIRP	7.33143320912856e-12	8.48708945811252e-11	0.255016966695978
TCEAL8	8.79183994567006e-12	1.00916110203448e-10	0.236672564604957
SENP6	9.86268094368911e-12	1.12258082353472e-10	-0.152374528011141
SAP18	9.95212117851015e-12	1.13170629379092e-10	0.244312388364473
PEAK1	1.05557952180901e-11	1.19812199812764e-10	-0.167797477826184
RPSA	1.06966962318547e-11	1.21186225491319e-10	0.210760878485796
RPLP2	1.09709382885503e-11	1.23948260238728e-10	0.267590118233568
ATP5MC1	1.11123590963659e-11	1.25429983035043e-10	0.203037772786544
TUT4	1.14682458222401e-11	1.28733167488068e-10	-0.194716532353045
LSM7	1.35444996511695e-11	1.49836027391063e-10	0.192671244110316
ATP1A2	1.42160614770549e-11	1.5641509803538e-10	0.235794200277601
RPS16	1.49337672488534e-11	1.64016276448063e-10	0.221288164704198
ARL6IP1	1.50295097488815e-11	1.64771456519829e-10	0.167482753319534
RSL24D1	1.56624790130303e-11	1.70943571211921e-10	0.249985092886949
MTA1	1.60095563309801e-11	1.74419903184889e-10	-0.152853062137387
CCDC50	1.70233428254921e-11	1.83825009662011e-10	-0.161129681465722
HTRA1	1.76649572346139e-11	1.8991384041051e-10	0.187960711991862
GTF3C6	1.768571300307e-11	1.89969756294189e-10	0.262075516056902
IER5L	1.90763768344955e-11	2.0436823708745e-10	0.161718018329497
CAPZB	2.06388318885613e-11	2.20333963159964e-10	-0.164062672210601
CSNK1E	2.07435947015737e-11	2.21170112014549e-10	-0.156712304834014
NTRK3	2.10381653564443e-11	2.23743404371064e-10	-0.156010884623706
CASK	2.15161711357882e-11	2.28303212929089e-10	-0.17790720248623
RTN3	2.42142757141865e-11	2.53844591671554e-10	0.153902901534022
RPL7	2.4579977375508e-11	2.57236729808979e-10	0.209439159301544
ADGRB3	2.49872982272218e-11	2.61275576411867e-10	-0.155974070361298
ATXN7L3B	3.15961208227573e-11	3.25915053723256e-10	0.24718468340285
MRPL33	3.1629532457284e-11	3.25984371224311e-10	0.258903414263146
SREK1	3.34717343341772e-11	3.42944875355123e-10	-0.155897239667438
ARPP19	3.41764819276196e-11	3.49872065198674e-10	0.240936647614907
ATP5IF1	3.50779235233195e-11	3.58199565209282e-10	0.193999342032881
HES6	3.89885720747729e-11	3.95487899293357e-10	0.20241937149697
PNN	3.91440646731137e-11	3.96735652989824e-10	-0.157271843988463
NDUFB10	4.0253821587298e-11	4.06970134971581e-10	0.202388174078114
C2orf27A	4.18112787642578e-11	4.22017477312298e-10	-0.158661573690223
RALGPS2	4.2268201096554e-11	4.26277076789607e-10	-0.155446902237338
NAA38	4.26543462979011e-11	4.29816444996919e-10	0.17014373087791
TIAL1	4.44943955620104e-11	4.46516066556149e-10	-0.152039749031617
ANK3	4.92459823012448e-11	4.90571926464195e-10	-0.164728162440735
COX5A	5.3357599710794e-11	5.28941854925266e-10	0.252018792191141
SLTM	6.46365163618408e-11	6.35081073473179e-10	-0.169399310571685
SF3B5	7.1294281796778e-11	6.9546091340579e-10	0.198982323303941
NDUFB9	7.77462976965366e-11	7.51793771787649e-10	0.228215390661285
GRB14	9.75254599420082e-11	9.31986261558487e-10	-0.153065549175461
DANCR	9.8853239184257e-11	9.43936364470157e-10	0.219829357702768
KHDRBS3	1.04929178349871e-10	9.97276307538505e-10	-0.195739774150343
FMC1	1.13268863272089e-10	1.06905148929059e-09	0.223502508088567
EIF1AX	1.14721055419265e-10	1.07942083962672e-09	0.250052428540935
FYN	1.16232123853948e-10	1.09195609894482e-09	-0.176990712278741
HACD3	1.19631723268443e-10	1.1204465002128e-09	0.217402646475271
PPA1	1.20204085372766e-10	1.12494444035065e-09	0.212868916882401
CALM3	1.36251264668795e-10	1.26446557401215e-09	0.156604324490239
SMIM26	1.46278032239333e-10	1.35135673807789e-09	0.20787116474176
SNHG6	1.47151748390254e-10	1.35840083377942e-09	0.241400345023334
STMN1	1.47356288588311e-10	1.35926159556574e-09	0.15051072706213
PRPF4B	1.48483907023654e-10	1.3686294011169e-09	-0.184163086399893
XYLT1	1.52009022151216e-10	1.39795646651566e-09	-0.162393921172976
ANXA5	1.66335662715399e-10	1.51843853554606e-09	0.167569268964123
YIF1A	1.66542887587859e-10	1.51903531449629e-09	0.156477273746907
SRGAP3	1.80187348998322e-10	1.63615471622045e-09	-0.176088841018516
PRRC2B	1.85228770315591e-10	1.67818914826729e-09	-0.172823383249319
ABHD2	1.95282683186448e-10	1.7655231590159e-09	0.192034652851237
GPR155	2.02425529267817e-10	1.82317329568425e-09	-0.16381930328227
ADGRG1	2.1480596085581e-10	1.92489530674535e-09	0.190750513694155
OFD1	2.23830553639492e-10	1.99681705741353e-09	-0.156243124222616
APLP2	2.26961538589226e-10	2.0232710005768e-09	0.172679492846409
SRSF5	2.29025338726317e-10	2.03869275646101e-09	-0.154717300694413
COA3	2.36243011044546e-10	2.09677905403572e-09	0.166972472029392
EMC2	2.53721784052979e-10	2.23733151526284e-09	0.165957262689588
TNRC6A	2.56683858441172e-10	2.26018742836484e-09	-0.151487311709684
GADD45GIP1	2.5803585153058e-10	2.26915168914039e-09	0.213185878925565
RAB31	2.64032936275996e-10	2.31322399622578e-09	0.240309072241834
SSBP1	2.76347496709836e-10	2.41591408540961e-09	0.150128522880818
SEC61B	3.10173951199635e-10	2.6809302661013e-09	0.197976111880253
RBX1	3.61147401227238e-10	3.08295730203312e-09	0.194094849627375
GRIA3	3.6511086353733e-10	3.10955298213487e-09	-0.151245706127046
DRAP1	3.95531639062885e-10	3.34762848778587e-09	0.209614070924333
FCHSD2	4.14233766090668e-10	3.49605893908738e-09	-0.152271603241177
PCDH17	4.14803708493342e-10	3.49620268587245e-09	0.215804913595844
ANKRD28	4.27849414534311e-10	3.59623186490539e-09	-0.167919484780006
TTC9B	4.29123223087672e-10	3.60445799420202e-09	0.159236295355873
NDUFB3	4.63871303638835e-10	3.87235832627552e-09	0.223202353143909
ATP5PO	4.64708240121639e-10	3.87669517527703e-09	0.20253995036228
ST13	5.39634316186354e-10	4.45007015772042e-09	0.239285229757204
UQCRFS1	5.5522161013869e-10	4.57552059691216e-09	0.232658575283976
ZKSCAN1	5.78313571045776e-10	4.74660191074063e-09	-0.160818480353082
SUMO1	6.57724644963198e-10	5.34450504919198e-09	0.155675005228491
AP2B1	6.85995915684274e-10	5.55574808902655e-09	0.245438399039286
NDUFA2	7.68004966890344e-10	6.14655613409683e-09	0.18733267966712
SNRPE	8.0636356318997e-10	6.42408232044299e-09	0.184168308077597
MAGOH	8.31948361536706e-10	6.60636237935487e-09	0.156602281776942
HLA-A	8.90564178047926e-10	7.02889780821391e-09	0.17818752343525
VDAC2	9.42504534125846e-10	7.40244879439161e-09	0.21500439014428
ATP1A1	1.02990367845789e-09	8.00140815840089e-09	0.204139156052326
RAB8B	1.07658755725217e-09	8.3534713066841e-09	0.158982757577897
ARL3	1.09380240296823e-09	8.47627458594605e-09	0.225876612779895
DNM3	1.09785173623118e-09	8.49687151748505e-09	-0.182739490954094
HIGD2A	1.21269921531905e-09	9.30320070143943e-09	0.172527051913517
FAM162A	1.30732111447762e-09	9.99143477541628e-09	0.174509743970573
MRPL57	1.3103317764765e-09	1.00081813546638e-08	0.184687275582767
C1QBP	1.38003694784451e-09	1.05011783451869e-08	0.161117536822594
ATP6V1G1	1.38853626666659e-09	1.05592736144452e-08	0.23901607023338
CIAO2B	1.64816614110468e-09	1.24176761760096e-08	0.153036475822949
PRRC2C	1.73428356583598e-09	1.30222954809589e-08	-0.174627812867026
NASP	1.85148623413395e-09	1.38470308496497e-08	-0.176069249579014
SRP9	2.14793486410195e-09	1.58889936373574e-08	0.184376474035009
SELENOT	2.20972802700009e-09	1.62672744989464e-08	0.163734563212345
MALSU1	2.45067265048243e-09	1.79114692282118e-08	0.155506144515529
TOMM20	2.47018754213842e-09	1.80109853445591e-08	0.19220717729285
SLC3A2	2.62651571702781e-09	1.90634271898477e-08	0.185564796343042
CSTB	2.68517188481845e-09	1.94623170500224e-08	0.164372561472419
CUTA	2.94510160907695e-09	2.11953600186545e-08	0.171900648248863
RHEB	3.05661112511437e-09	2.1894657871567e-08	0.170604628414814
SNRPD1	3.12194068703497e-09	2.22972290121392e-08	0.162901662233302
PPDPF	3.34200035558634e-09	2.37577708630826e-08	0.16830607399697
SSR4	3.46011233294453e-09	2.45402740547338e-08	0.174157363083674
ATP5PD	3.48438558952273e-09	2.46980854351951e-08	0.197474664676803
NFE2L2	3.74924267945415e-09	2.6406863231934e-08	0.210454980463657
BORCS7	3.76580517736147e-09	2.65082297585681e-08	0.151412334368244
LAPTM4A	3.80577916905041e-09	2.67741825988552e-08	0.211813623145321
LMO4	3.95860739266295e-09	2.7689846555895e-08	0.226196044597449
ATP6V1F	4.26398084236265e-09	2.96898506429733e-08	0.209066361312849
POLR2L	4.83538952520561e-09	3.32889584393101e-08	0.180227241482288
PANTR1	4.87969282840653e-09	3.35372473344564e-08	0.163716582087467
PTPRA	5.07888653949882e-09	3.480832845505e-08	0.190796636397127
PFDN2	5.3325948772808e-09	3.63634736104022e-08	0.204758766929946
VAMP2	5.54919424898289e-09	3.77982762759777e-08	0.169688785215922
BTG1	5.72916715921396e-09	3.89806788387075e-08	0.206881860209778
HNRNPU	6.31912263245128e-09	4.26383672431644e-08	-0.176025081527396
MORF4L2	7.17460753367166e-09	4.81183315808523e-08	0.168981758272062
CCDC59	8.08563616415476e-09	5.36684100395772e-08	0.158184946560151
PNKD	9.71216383668326e-09	6.34302978274934e-08	0.169459012404972
ROMO1	9.98648892035773e-09	6.50133204607297e-08	0.178502436524002
LAMTOR4	1.03200626994675e-08	6.69707363170012e-08	0.155035572319552
RPS11	1.05710099424863e-08	6.84900500942095e-08	0.206919256659794
RAB14	1.14758891598876e-08	7.3804652085154e-08	0.202057057679858
LSM3	1.15710376816755e-08	7.43382867997382e-08	0.151344313297851
PHF20L1	1.2770174453674e-08	8.1527517304088e-08	-0.151378877611496
ZNF462	1.42406758052335e-08	9.00214149116546e-08	-0.172907553850147
TMEM14B	1.46240810395916e-08	9.22540814754818e-08	0.181428764107824
FKBP3	1.53598047584831e-08	9.65462148818083e-08	0.151284671829944
MT-ND5	1.72160109542912e-08	1.07111126737014e-07	-0.158877061375712
NUCKS1	1.73738998087734e-08	1.07873634145679e-07	0.215441232100636
SNRPG	1.79330615506541e-08	1.10838299958572e-07	0.216735952820273
NT5E	1.97662470191289e-08	1.21248204341849e-07	0.15859875810286
RTRAF	2.03856081751435e-08	1.24796708091743e-07	0.17678082523558
HNRNPA3	2.17299849667369e-08	1.31777610578962e-07	-0.152039359917659
SELENOF	2.57630619325144e-08	1.53410178148122e-07	0.167225130244512
OLFM2	2.59971141896645e-08	1.54427410310493e-07	0.185408929714458
ANAPC11	2.64300118689208e-08	1.56770148108368e-07	0.196125195229994
EMC7	2.66042459366234e-08	1.57727017293195e-07	0.157256416767494
NDUFS4	2.79575438948803e-08	1.65029233247063e-07	0.196393117918499
GPSM2	3.39194711703234e-08	1.96238039508839e-07	0.169385508762457
GSTM3	3.59420632154139e-08	2.0598799533076e-07	0.180852388133885
ASB3	3.75865446877584e-08	2.14506761809156e-07	0.180127908674615
JMJD1C	3.9316508170455e-08	2.23648120300777e-07	-0.168617020046202
KIF1B	4.26659477301612e-08	2.40905788085279e-07	-0.154841276390592
MTLN	4.54564924123755e-08	2.5454385228443e-07	0.168563909776997
ATP1B2	4.58465526595443e-08	2.56492875689883e-07	0.18470833054516
CHMP2A	4.64421544929285e-08	2.59569647347104e-07	0.178066431496981
MPC1	5.05987625335708e-08	2.79874405263813e-07	0.172084241175821
SF3B1	5.08366259190659e-08	2.80935616447761e-07	-0.152433032464445
NAP1L3	5.50665843127403e-08	3.01582149870626e-07	0.169673820038721
CDV3	6.97543522903258e-08	3.74465892097472e-07	0.164067774573086
FAM181B	7.15116578185822e-08	3.82722119604884e-07	0.169143387767175
POLR2K	7.49122299945639e-08	3.98824352625811e-07	0.173212635550177
C12orf57	1.02114749785008e-07	5.25992171709953e-07	0.156442899231636
ZNF706	1.12562484589615e-07	5.73041110584813e-07	0.163758751383353
DCTN6	1.13090962079487e-07	5.75491633281989e-07	0.169661598209432
OTUD6B-AS1	1.22885177090556e-07	6.20163912316926e-07	0.153978092755951
AP1S2	1.24125512853898e-07	6.25647911054336e-07	0.157469024140284
SH3BGRL	1.373225161569e-07	6.84818248192821e-07	0.168944042088143
NDUFS6	1.48938028426002e-07	7.34051711528154e-07	0.190080313080511
CYCS	1.75027620116062e-07	8.45574495442033e-07	0.156176111927225
TMED10	1.86129929908082e-07	8.95315019286099e-07	0.15665528370209
CWC15	2.04237122562178e-07	9.72834624747221e-07	0.172056554296655
PSMB7	2.09475921459786e-07	9.95071734262298e-07	0.161087807639079
PAIP2	2.36895756448075e-07	1.1102102354184e-06	0.163834079460202
ZFAS1	2.49000578777196e-07	1.15849297851653e-06	0.161511426848152
PDCD5	2.50005886301881e-07	1.1614004904545e-06	0.16465265102583
HSPA5	2.83956609939843e-07	1.30374514180275e-06	0.173201746757725
SCOC	3.05754179753704e-07	1.39543191230642e-06	0.165744976111184
CHCHD10	3.19919075137511e-07	1.45032355777818e-06	0.165862024443196
TIMP2	3.77207852518515e-07	1.68132828569658e-06	0.180186860960037
SEM1	3.87813846622376e-07	1.72357005414814e-06	0.176410817314268
EIF3K	3.98687314570177e-07	1.76803492114944e-06	0.15309534763862
COX20	4.09278746386821e-07	1.80647680868169e-06	0.191062540348187
LINC01896	4.48156953577546e-07	1.95896237438889e-06	0.160659217557769
SYAP1	4.80347429726782e-07	2.08326816734843e-06	0.153509104521172
PLPP3	4.92207170272006e-07	2.13092030150018e-06	0.176594386710878
RPL13A	7.54683701893537e-07	3.11699426825356e-06	0.157420967818156
SNRPB2	1.14476616142093e-06	4.55556504706216e-06	0.180518738650495
HMGN2	1.26354208586027e-06	4.96194195968213e-06	0.15867315848592
RPS27L	2.06681822411707e-06	7.6467891460593e-06	0.176729958062906
CAMLG	2.5682442303223e-06	9.24976903123746e-06	0.174284644255143
BRI3	2.91710719459964e-06	1.03146005117676e-05	0.163474623683202
MAP1LC3B	5.15081625287993e-06	1.70294853536607e-05	0.170608550547842
ARPC5	5.95940907769602e-06	1.94293281008813e-05	0.159539483512697
YWHAH	7.67269033482575e-06	2.41761008924734e-05	0.157332961347239
TIMM8B	9.16618955998013e-06	2.828364656292e-05	0.150794570103862
TMEM167A	1.07060905743983e-05	3.24289395300413e-05	0.150709549655581
DPYSL2	2.16480012735434e-05	6.02582275016491e-05	0.169355411692937
NOL7	4.11570809794286e-05	0.000106223886306374	0.156690907342112
UBL3	0.000120637279365238	0.000273906505463405	0.151164288276217
